	score	0.95 moe	p-value (forward)	p-value (reverse)	p-value	fdr (forward)	fdr (reverse)	fdr
linsitinib	-0.6738392400134637	0.02317494694153794	0.999958419958	4.158004158e-05	4.158004158e-05	0.999958419958	0.00666666666667	0.00666666666667
barasertib	-0.6696783762068731	0.01911487484627923	0.999958419958	4.158004158e-05	4.158004158e-05	0.999958419958	0.00666666666667	0.00666666666667
belinostat	-0.6566015108791732	0.022159093687402383	0.999958419958	4.158004158e-05	4.158004158e-05	0.999958419958	0.00666666666667	0.00666666666667
serdemetan	-0.6499588730932861	0.016243245317958788	0.999833679834	0.00016632016632	0.00016632016632	0.999958419958	0.02	0.02
skepinone-L	-0.645884127212601	0.09243869109034084	0.999750519751	0.00024948024948	0.00024948024948	0.999958419958	0.02	0.02
BRD-K28456706	-0.6427843203717621	0.018624662717655893	0.999708939709	0.00029106029106	0.00029106029106	0.999958419958	0.02	0.02
indisulam	-0.6416582410306835	0.021807326624268895	0.999708939709	0.00029106029106	0.00029106029106	0.999958419958	0.02	0.02
sotrastaurin	-0.6188796169921572	0.018252515818302794	0.998794178794	0.00120582120582	0.00120582120582	0.999958419958	0.0642857142857	0.0642857142857
chlorambucil	-0.6178082709036872	0.01877953125767447	0.998711018711	0.00128898128898	0.00128898128898	0.999958419958	0.0642857142857	0.0642857142857
tretinoin	-0.6093814905535644	0.015894659489145833	0.998461538462	0.00153846153846	0.00153846153846	0.999958419958	0.0642857142857	0.0642857142857
ML239	-0.6089795863809454	0.019416113670072625	0.998461538462	0.00153846153846	0.00153846153846	0.999958419958	0.0642857142857	0.0642857142857
BRD-M00053801	-0.6067923120541047	0.021006129524715964	0.998295218295	0.00170478170478	0.00170478170478	0.999958419958	0.0642857142857	0.0642857142857
BRD-K26531177	-0.6044444604460072	0.06015045385706464	0.998128898129	0.0018711018711	0.0018711018711	0.999958419958	0.0642857142857	0.0642857142857
PF-4800567 hydrochloride	-0.6042791763901774	0.14241930226941493	0.998128898129	0.0018711018711	0.0018711018711	0.999958419958	0.0642857142857	0.0642857142857
alisertib	-0.6007250061356494	0.017235213197855825	0.997962577963	0.00203742203742	0.00203742203742	0.999958419958	0.0653333333333	0.0653333333333
Compound 7d-cis	-0.5939802424706768	0.015627873660169937	0.997255717256	0.00274428274428	0.00274428274428	0.999958419958	0.075	0.075
RG-108	-0.5936172444784246	0.0164300638612957	0.997089397089	0.0029106029106	0.0029106029106	0.999958419958	0.075	0.075
ABT-737	-0.5932028821657355	0.015636842934434316	0.997089397089	0.0029106029106	0.0029106029106	0.999958419958	0.075	0.075
avrainvillamide	-0.5918463432999181	0.017032208710244898	0.996923076923	0.00307692307692	0.00307692307692	0.999958419958	0.075	0.075
olaparib	-0.5916675115821963	0.013461847509780482	0.996881496881	0.0031185031185	0.0031185031185	0.999958419958	0.075	0.075
BRD-K88742110	-0.587371625781214		0.996216216216	0.00378378378378	0.00378378378378	0.999958419958	0.0866666666667	0.0866666666667
cytarabine hydrochloride	-0.5843808471072085		0.995758835759	0.00424116424116	0.00424116424116	0.999958419958	0.0927272727273	0.0927272727273
axitinib	-0.5831540138218977		0.995467775468	0.00453222453222	0.00453222453222	0.999958419958	0.0941666666667	0.0941666666667
PX-12	-0.5827856524358244		0.995301455301	0.00469854469854	0.00469854469854	0.999958419958	0.0941666666667	0.0941666666667
16-beta-bromoandrosterone	-0.5816701537165193		0.995051975052	0.00494802494802	0.00494802494802	0.999958419958	0.0952	0.0952
BRD-K51490254	-0.5781312723522359		0.994137214137	0.00586278586279	0.00586278586279	0.999958419958	0.105806451613	0.105806451613
epigallocatechin-3-monogallate	-0.5767769906438726		0.993929313929	0.00607068607069	0.00607068607069	0.999958419958	0.105806451613	0.105806451613
LY-2183240	-0.5756302762708201		0.993804573805	0.00619542619543	0.00619542619543	0.999958419958	0.105806451613	0.105806451613
KW-2449	-0.5720904055450672		0.993264033264	0.00673596673597	0.00673596673597	0.999958419958	0.105806451613	0.105806451613
SZ4TA2	-0.5711154357253143		0.993180873181	0.00681912681913	0.00681912681913	0.999958419958	0.105806451613	0.105806451613
CIL41	-0.5710831391123006		0.993180873181	0.00681912681913	0.00681912681913	0.999958419958	0.105806451613	0.105806451613
SB-225002	-0.5690169822469959		0.992349272349	0.00765072765073	0.00765072765073	0.999958419958	0.11	0.11
BRD-K42260513	-0.5688363273148331		0.992266112266	0.00773388773389	0.00773388773389	0.999958419958	0.11	0.11
ML050	-0.5685211282091109		0.992224532225	0.00777546777547	0.00777546777547	0.999958419958	0.11	0.11
tacedinaline	-0.5671043929199338		0.991891891892	0.00810810810811	0.00810810810811	0.999958419958	0.111428571429	0.111428571429
GMX-1778	-0.5648153882861434		0.991392931393	0.00860706860707	0.00860706860707	0.999958419958	0.115	0.115
AZD1480	-0.5621391727501674		0.990686070686	0.00931392931393	0.00931392931393	0.999958419958	0.117894736842	0.117894736842
NSC19630	-0.5621341254189467		0.990686070686	0.00931392931393	0.00931392931393	0.999958419958	0.117894736842	0.117894736842
BMS-195614	-0.5607847501938005		0.99027027027	0.00972972972973	0.00972972972973	0.999958419958	0.12	0.12
BMS-754807	-0.559748679528398		0.990020790021	0.00997920997921	0.00997920997921	0.999958419958	0.12	0.12
tivantinib	-0.5588964812994631		0.989646569647	0.0103534303534	0.0103534303534	0.999958419958	0.12	0.12
BRD-K24690302	-0.5580408528541779		0.989355509356	0.0106444906445	0.0106444906445	0.999958419958	0.12	0.12
ceranib-2	-0.5567893437929157		0.989064449064	0.0109355509356	0.0109355509356	0.999958419958	0.12	0.12
Repligen 136	-0.5566084936270105		0.988814968815	0.011185031185	0.011185031185	0.999958419958	0.12	0.12
CIL70	-0.5557864689130335		0.988607068607	0.0113929313929	0.0113929313929	0.999958419958	0.12	0.12
foretinib	-0.5552519108967073		0.988357588358	0.0116424116424	0.0116424116424	0.999958419958	0.12	0.12
NSC23766	-0.5550140906202938		0.988191268191	0.0118087318087	0.0118087318087	0.999958419958	0.12	0.12
Mdivi-1	-0.553345587073829		0.987692307692	0.0123076923077	0.0123076923077	0.999958419958	0.12	0.12
AZD4547	-0.5524023372284886		0.987442827443	0.0125571725572	0.0125571725572	0.999958419958	0.12	0.12
KPT185	-0.551724738150238		0.987318087318	0.0126819126819	0.0126819126819	0.999958419958	0.12	0.12
tacrolimus	-0.551444667941669		0.987193347193	0.0128066528067	0.0128066528067	0.999958419958	0.12	0.12
etoposide	-0.5506696847846584		0.986694386694	0.0133056133056	0.0133056133056	0.999958419958	0.12	0.12
lenvatinib	-0.5496016379846932		0.986237006237	0.013762993763	0.013762993763	0.999958419958	0.12	0.12
apicidin	-0.5490897987701461		0.985904365904	0.0140956340956	0.0140956340956	0.999958419958	0.12	0.12
tipifarnib-P1	-0.548912459819578		0.985862785863	0.0141372141372	0.0141372141372	0.999958419958	0.12	0.12
tamoxifen	-0.5488449205205052		0.985821205821	0.0141787941788	0.0141787941788	0.999958419958	0.12	0.12
MLN2480	-0.5481689787165814		0.985405405405	0.0145945945946	0.0145945945946	0.999958419958	0.12	0.12
tubastatin A	-0.5476527928617343		0.985072765073	0.0149272349272	0.0149272349272	0.999958419958	0.12	0.12
vorinostat	-0.5469193856184495		0.984906444906	0.0150935550936	0.0150935550936	0.999958419958	0.12	0.12
XL765	-0.5464711104930459		0.984823284823	0.0151767151767	0.0151767151767	0.999958419958	0.12	0.12
LBH-589	-0.5463981486027191		0.984781704782	0.0152182952183	0.0152182952183	0.999958419958	0.12	0.12
BRD-K11533227	-0.5440060795831533		0.983659043659	0.016340956341	0.016340956341	0.999958419958	0.1246875	0.1246875
NSC48300	-0.5438647173138025		0.983575883576	0.0164241164241	0.0164241164241	0.999958419958	0.1246875	0.1246875
ISOX	-0.543740606876668		0.98340956341	0.0165904365904	0.0165904365904	0.999958419958	0.1246875	0.1246875
BRD-A71883111	-0.5417505135787745		0.982744282744	0.0172557172557	0.0172557172557	0.999958419958	0.125866666667	0.125866666667
BRD-K61166597	-0.5409211100759389		0.982286902287	0.0177130977131	0.0177130977131	0.999958419958	0.125866666667	0.125866666667
BRD-K51831558	-0.5406660151016399		0.982203742204	0.0177962577963	0.0177962577963	0.999958419958	0.125866666667	0.125866666667
isoliquiritigenin	-0.5399628047646863		0.98158004158	0.01841995842	0.01841995842	0.999958419958	0.125866666667	0.125866666667
BMS-270394	-0.5390346124310609		0.981205821206	0.0187941787942	0.0187941787942	0.999958419958	0.125866666667	0.125866666667
crizotinib	-0.538948522581555		0.981122661123	0.0188773388773	0.0188773388773	0.999958419958	0.125866666667	0.125866666667
BRD-K02251932	-0.5386924328882159		0.980956340956	0.0190436590437	0.0190436590437	0.999958419958	0.125866666667	0.125866666667
navitoclax	-0.5380147306424616		0.980831600832	0.0191683991684	0.0191683991684	0.999958419958	0.125866666667	0.125866666667
PRIMA-1-Met	-0.5378293505704254		0.980706860707	0.0192931392931	0.0192931392931	0.999958419958	0.125866666667	0.125866666667
BRD-K34222889	-0.5369991901546916		0.980415800416	0.0195841995842	0.0195841995842	0.999958419958	0.125866666667	0.125866666667
IU1	-0.5369560670585103		0.980374220374	0.0196257796258	0.0196257796258	0.999958419958	0.125866666667	0.125866666667
necrosulfonamide	-0.5363094604759795		0.980041580042	0.0199584199584	0.0199584199584	0.999958419958	0.126315789474	0.126315789474
MI-2	-0.5338753479770305		0.978544698545	0.0214553014553	0.0214553014553	0.999958419958	0.134025974026	0.134025974026
omacetaxine mepesuccinate	-0.5329712599890084		0.978128898129	0.0218711018711	0.0218711018711	0.999958419958	0.134683544304	0.134683544304
teniposide	-0.5329061258987668		0.977879417879	0.0221205821206	0.0221205821206	0.999958419958	0.134683544304	0.134683544304
bexarotene	-0.5298086398306411		0.975343035343	0.024656964657	0.024656964657	0.999958419958	0.144269662921	0.144269662921
STF-31	-0.5295024101770563		0.975135135135	0.0248648648649	0.0248648648649	0.999958419958	0.144269662921	0.144269662921
BRD-K92856060	-0.5293164933025961		0.975051975052	0.024948024948	0.024948024948	0.999958419958	0.144269662921	0.144269662921
VX-680	-0.5290389810138764		0.974844074844	0.0251559251559	0.0251559251559	0.999958419958	0.144269662921	0.144269662921
BRD-A86708339	-0.5280700391650386		0.974095634096	0.0259043659044	0.0259043659044	0.999958419958	0.144269662921	0.144269662921
Compound 1541A	-0.5278622093469242		0.973929313929	0.0260706860707	0.0260706860707	0.999958419958	0.144269662921	0.144269662921
BIBR-1532	-0.5277390859108028		0.973762993763	0.026237006237	0.026237006237	0.999958419958	0.144269662921	0.144269662921
BRD1835	-0.5276125930128224		0.973762993763	0.026237006237	0.026237006237	0.999958419958	0.144269662921	0.144269662921
istradefylline	-0.5274096239452505		0.973513513514	0.0264864864865	0.0264864864865	0.999958419958	0.144269662921	0.144269662921
BIX-01294	-0.5271942585072928		0.973305613306	0.0266943866944	0.0266943866944	0.999958419958	0.144269662921	0.144269662921
CAY10618	-0.5255668786731945		0.972016632017	0.0279833679834	0.0279833679834	0.999958419958	0.148351648352	0.148351648352
BRD-K90370028	-0.5254842807549831		0.971933471933	0.0280665280665	0.0280665280665	0.999958419958	0.148351648352	0.148351648352
Ki8751	-0.5249023664640223		0.971268191268	0.0287318087318	0.0287318087318	0.999958419958	0.150217391304	0.150217391304
FSC231	-0.5232210894232626		0.96948024948	0.0305197505198	0.0305197505198	0.999958419958	0.156831683168	0.156831683168
NSC95397	-0.5229306080605371		0.968981288981	0.0310187110187	0.0310187110187	0.999958419958	0.156831683168	0.156831683168
JW-74	-0.5222971761148105		0.968440748441	0.0315592515593	0.0315592515593	0.999958419958	0.156831683168	0.156831683168
darinaparsin	-0.5216537578035965		0.967858627859	0.0321413721414	0.0321413721414	0.999958419958	0.156831683168	0.156831683168
PL-DI	-0.521569720493488		0.967817047817	0.032182952183	0.032182952183	0.999958419958	0.156831683168	0.156831683168
isoevodiamine	-0.52121544006526		0.967442827443	0.0325571725572	0.0325571725572	0.999958419958	0.156831683168	0.156831683168
BRD-K29313308	-0.5207647301592933		0.96711018711	0.0328898128898	0.0328898128898	0.999958419958	0.156831683168	0.156831683168
Compound 23 citrate	-0.5207373369561422		0.96711018711	0.0328898128898	0.0328898128898	0.999958419958	0.156831683168	0.156831683168
necrostatin-7	-0.5206335730331334		0.967068607069	0.0329313929314	0.0329313929314	0.999958419958	0.156831683168	0.156831683168
GSK461364	-0.5197276908805968		0.966112266112	0.0338877338877	0.0338877338877	0.999958419958	0.159803921569	0.159803921569
BRD6340	-0.5184172211045431		0.964823284823	0.0351767151767	0.0351767151767	0.999958419958	0.161121495327	0.161121495327
BRD-K13999467	-0.5184097576540011		0.964823284823	0.0351767151767	0.0351767151767	0.999958419958	0.161121495327	0.161121495327
ML029	-0.5181260949584829		0.964449064449	0.0355509355509	0.0355509355509	0.999958419958	0.161121495327	0.161121495327
ML203	-0.5180510758788952		0.964365904366	0.0356340956341	0.0356340956341	0.999958419958	0.161121495327	0.161121495327
RO4929097	-0.5179190875132211		0.964158004158	0.035841995842	0.035841995842	0.999958419958	0.161121495327	0.161121495327
ABT-199	-0.5172403927394251		0.963534303534	0.0364656964657	0.0364656964657	0.999958419958	0.162407407407	0.162407407407
topotecan	-0.5162794132118677		0.962785862786	0.0372141372141	0.0372141372141	0.999958419958	0.164220183486	0.164220183486
elocalcitol	-0.5156817039654142		0.962328482328	0.0376715176715	0.0376715176715	0.999958419958	0.164324324324	0.164324324324
cucurbitacin I	-0.5153741784976656		0.962079002079	0.037920997921	0.037920997921	0.999958419958	0.164324324324	0.164324324324
BRD1812	-0.5120322434563672		0.958336798337	0.0416632016632	0.0416632016632	0.999958419958	0.176842105263	0.176842105263
ELCPK	-0.5120026207379936		0.958253638254	0.0417463617464	0.0417463617464	0.999958419958	0.176842105263	0.176842105263
BI-2536	-0.5118773145735235		0.958087318087	0.0419126819127	0.0419126819127	0.999958419958	0.176842105263	0.176842105263
PF-3758309	-0.5105205399727658		0.956257796258	0.0437422037422	0.0437422037422	0.999958419958	0.182956521739	0.182956521739
TG-100-115	-0.5084689847901892		0.953014553015	0.0469854469854	0.0469854469854	0.999958419958	0.194827586207	0.194827586207
CIL55	-0.5076354890228958		0.952141372141	0.0478586278586	0.0478586278586	0.999958419958	0.196752136752	0.196752136752
BRD-K41597374	-0.5057729034234797		0.949646569647	0.0503534303534	0.0503534303534	0.999958419958	0.203166666667	0.203166666667
pifithrin-mu	-0.5053255669107204		0.949313929314	0.0506860706861	0.0506860706861	0.999958419958	0.203166666667	0.203166666667
FQI-2	-0.505292961307271		0.949313929314	0.0506860706861	0.0506860706861	0.999958419958	0.203166666667	0.203166666667
vincristine	-0.5046396498953645		0.948274428274	0.0517255717256	0.0517255717256	0.999958419958	0.205619834711	0.205619834711
NVP-ADW742	-0.5042985027064152		0.947817047817	0.052182952183	0.052182952183	0.999958419958	0.205737704918	0.205737704918
SCH-79797	-0.5040648832004927		0.947151767152	0.0528482328482	0.0528482328482	0.999958419958	0.206511627907	0.206511627907
imatinib	-0.5025902259311509		0.945197505198	0.0548024948025	0.0548024948025	0.999958419958	0.206511627907	0.206511627907
SN-38	-0.5025417017315348		0.945114345114	0.0548856548857	0.0548856548857	0.999958419958	0.206511627907	0.206511627907
KX2-391	-0.5024449681794765		0.944906444906	0.0550935550936	0.0550935550936	0.999958419958	0.206511627907	0.206511627907
ML311	-0.5023838681657379		0.944906444906	0.0550935550936	0.0550935550936	0.999958419958	0.206511627907	0.206511627907
YK 4-279	-0.5020785213994797		0.944698544699	0.0553014553015	0.0553014553015	0.999958419958	0.206511627907	0.206511627907
MGCD-265	-0.5019346633844728		0.944615384615	0.0553846153846	0.0553846153846	0.999958419958	0.206511627907	0.206511627907
parbendazole	-0.5006522523725244		0.942702702703	0.0572972972973	0.0572972972973	0.999958419958	0.211571428571	0.211571428571
docetaxel	-0.4998850389040179		0.941704781705	0.0582952182952	0.0582952182952	0.999958419958	0.211571428571	0.211571428571
methylstat	-0.4991738563339982		0.94079002079	0.05920997921	0.05920997921	0.999958419958	0.211571428571	0.211571428571
decitabine	-0.4991048815279145		0.940706860707	0.0592931392931	0.0592931392931	0.999958419958	0.211571428571	0.211571428571
triazolothiadiazine	-0.49896533908639235		0.940582120582	0.0594178794179	0.0594178794179	0.999958419958	0.211571428571	0.211571428571
daporinad	-0.4985632375575315		0.939667359667	0.0603326403326	0.0603326403326	0.999958419958	0.211571428571	0.211571428571
MG-132	-0.4983264762446917		0.93920997921	0.06079002079	0.06079002079	0.999958419958	0.211571428571	0.211571428571
PF-184	-0.4981882708835756		0.939085239085	0.0609147609148	0.0609147609148	0.999958419958	0.211571428571	0.211571428571
necrostatin-1	-0.49799693112059895		0.938918918919	0.0610810810811	0.0610810810811	0.999958419958	0.211571428571	0.211571428571
AT-406	-0.4978632211174218		0.938669438669	0.0613305613306	0.0613305613306	0.999958419958	0.211571428571	0.211571428571
doxorubicin	-0.4976302051303166		0.93841995842	0.06158004158	0.06158004158	0.999958419958	0.211571428571	0.211571428571
Merck60	-0.4968850963035083		0.93738045738	0.0626195426195	0.0626195426195	0.999958419958	0.213617021277	0.213617021277
zebularine	-0.49607064469485157		0.936257796258	0.0637422037422	0.0637422037422	0.999958419958	0.213793103448	0.213793103448
pazopanib	-0.49598263465849923		0.936174636175	0.0638253638254	0.0638253638254	0.999958419958	0.213793103448	0.213793103448
entinostat	-0.49572292123125605		0.935717255717	0.0642827442827	0.0642827442827	0.999958419958	0.213793103448	0.213793103448
fingolimod	-0.49559638384783367		0.935550935551	0.0644490644491	0.0644490644491	0.999958419958	0.213793103448	0.213793103448
BRD-A94377914	-0.49468441898735904		0.933929313929	0.0660706860707	0.0660706860707	0.999958419958	0.217671232877	0.217671232877
LRRK2-IN-1	-0.4943470249342215		0.933305613306	0.0666943866944	0.0666943866944	0.999958419958	0.218231292517	0.218231292517
BRD-K34485477	-0.49337728867323755		0.931642411642	0.0683575883576	0.0683575883576	0.999958419958	0.222162162162	0.222162162162
PDMP	-0.49296563973775215		0.930977130977	0.0690228690229	0.0690228690229	0.999958419958	0.222781456954	0.222781456954
marinopyrrole A	-0.4927073433756636		0.93051975052	0.0694802494802	0.0694802494802	0.999958419958	0.222781456954	0.222781456954
ruxolitinib	-0.49255604236526845		0.930062370062	0.0699376299376	0.0699376299376	0.999958419958	0.222781456954	0.222781456954
BRD-K70511574	-0.4918854109554422		0.929064449064	0.0709355509356	0.0709355509356	0.999958419958	0.224473684211	0.224473684211
AC55649	-0.49103997997425863		0.927401247401	0.0725987525988	0.0725987525988	0.999958419958	0.228235294118	0.228235294118
brivanib	-0.49066509072442194		0.926819126819	0.0731808731809	0.0731808731809	0.999958419958	0.228571428571	0.228571428571
BRD-K66453893	-0.48939029322167926		0.924781704782	0.0752182952183	0.0752182952183	0.999958419958	0.231923076923	0.231923076923
manumycin A	-0.4893002417815348		0.924781704782	0.0752182952183	0.0752182952183	0.999958419958	0.231923076923	0.231923076923
PRIMA-1	-0.488676750529055		0.923243243243	0.0767567567568	0.0767567567568	0.999958419958	0.234814814815	0.234814814815
CHM-1	-0.488329057920825		0.922162162162	0.0778378378378	0.0778378378378	0.999958419958	0.234814814815	0.234814814815
MST-312	-0.4881141606635084		0.921746361746	0.0782536382536	0.0782536382536	0.999958419958	0.234814814815	0.234814814815
BYL-719	-0.4880679811062336		0.921663201663	0.0783367983368	0.0783367983368	0.999958419958	0.234814814815	0.234814814815
NSC632839	-0.48772107074409976		0.921247401247	0.0787525987526	0.0787525987526	0.999958419958	0.234814814815	0.234814814815
ML031	-0.48749746392293114		0.920914760915	0.0790852390852	0.0790852390852	0.999958419958	0.234814814815	0.234814814815
NVP-TAE684	-0.48655096972554496		0.919168399168	0.0808316008316	0.0808316008316	0.999958419958	0.238292682927	0.238292682927
RITA	-0.4862587516109647		0.918752598753	0.0812474012474	0.0812474012474	0.999958419958	0.238292682927	0.238292682927
HLI 373	-0.48546502628808325		0.916923076923	0.0830769230769	0.0830769230769	0.999958419958	0.242181818182	0.242181818182
GW-843682X	-0.48519989422880744		0.916299376299	0.0837006237006	0.0837006237006	0.999958419958	0.242530120482	0.242530120482
UNC0638	-0.4848413655819188		0.915717255717	0.0842827442827	0.0842827442827	0.999958419958	0.242754491018	0.242754491018
ciclopirox	-0.4838885301891346		0.913929313929	0.0860706860707	0.0860706860707	0.999958419958	0.244823529412	0.244823529412
cerulenin	-0.48373575618198145		0.913555093555	0.0864449064449	0.0864449064449	0.999958419958	0.244823529412	0.244823529412
QW-BI-011	-0.4836835847950823		0.913471933472	0.0865280665281	0.0865280665281	0.999958419958	0.244823529412	0.244823529412
BRD-K29086754	-0.48249622024894384		0.911434511435	0.0885654885655	0.0885654885655	0.999958419958	0.248488372093	0.248488372093
cimetidine	-0.48232610878340965		0.911143451143	0.0888565488565	0.0888565488565	0.999958419958	0.248488372093	0.248488372093
ouabain	-0.48153534508381657		0.90948024948	0.0905197505198	0.0905197505198	0.999958419958	0.249782608696	0.249782608696
mitomycin	-0.4812714077122782		0.909106029106	0.090893970894	0.090893970894	0.999958419958	0.249782608696	0.249782608696
BRD-K80183349	-0.4810161384132192		0.908731808732	0.0912681912682	0.0912681912682	0.999958419958	0.249782608696	0.249782608696
itraconazole	-0.48064025246575326		0.908191268191	0.0918087318087	0.0918087318087	0.999958419958	0.249782608696	0.249782608696
BRD-K66532283	-0.48056532078309977		0.908024948025	0.0919750519751	0.0919750519751	0.999958419958	0.249782608696	0.249782608696
rigosertib	-0.48025736630928956		0.907318087318	0.0926819126819	0.0926819126819	0.999958419958	0.249782608696	0.249782608696
hyperforin	-0.48008979849131217		0.906943866944	0.0930561330561	0.0930561330561	0.999958419958	0.249782608696	0.249782608696
dacarbazine	-0.4796891252262534		0.906403326403	0.0935966735967	0.0935966735967	0.999958419958	0.249782608696	0.249782608696
erastin	-0.47890756345528357		0.905322245322	0.0946777546778	0.0946777546778	0.999958419958	0.249782608696	0.249782608696
BRD-K01737880	-0.47861581756737304		0.904823284823	0.0951767151767	0.0951767151767	0.999958419958	0.249782608696	0.249782608696
tipifarnib-P2	-0.47860774096180797		0.904823284823	0.0951767151767	0.0951767151767	0.999958419958	0.249782608696	0.249782608696
MK-2206	-0.4783760662957481		0.904449064449	0.0955509355509	0.0955509355509	0.999958419958	0.249782608696	0.249782608696
CCT036477	-0.477904617920568		0.903326403326	0.0966735966736	0.0966735966736	0.999958419958	0.25	0.25
SKI-II	-0.4779018532923056		0.903326403326	0.0966735966736	0.0966735966736	0.999958419958	0.25	0.25
BRD-K85133207	-0.47718621095595054		0.902079002079	0.097920997921	0.097920997921	0.999958419958	0.251063829787	0.251063829787
neuronal differentiation inducer III	-0.4770039120878535		0.901871101871	0.0981288981289	0.0981288981289	0.999958419958	0.251063829787	0.251063829787
BRD-K35604418	-0.4768091695798151		0.901247401247	0.0987525987526	0.0987525987526	0.999958419958	0.251322751323	0.251322751323
gemcitabine	-0.475443271513861		0.898336798337	0.101663201663	0.101663201663	0.999958419958	0.257368421053	0.257368421053
isonicotinohydroxamic acid	-0.4749799769926269		0.897463617464	0.102536382536	0.102536382536	0.999958419958	0.258219895288	0.258219895288
pitstop2	-0.47408178357080555		0.895675675676	0.104324324324	0.104324324324	0.999958419958	0.261354166667	0.261354166667
ETP-46464	-0.47226945387251223		0.892848232848	0.107151767152	0.107151767152	0.999958419958	0.264141414141	0.264141414141
ML162	-0.47212076420799604		0.892515592516	0.107484407484	0.107484407484	0.999958419958	0.264141414141	0.264141414141
alvocidib	-0.4720402859571218		0.892390852391	0.107609147609	0.107609147609	0.999958419958	0.264141414141	0.264141414141
PAC-1	-0.47202248459340673		0.892307692308	0.107692307692	0.107692307692	0.999958419958	0.264141414141	0.264141414141
OSI-930	-0.47172791146625387		0.891600831601	0.108399168399	0.108399168399	0.999958419958	0.264141414141	0.264141414141
NSC30930	-0.47155783440094035		0.891268191268	0.108731808732	0.108731808732	0.999958419958	0.264141414141	0.264141414141
nakiterpiosin	-0.47065957419912174		0.889688149688	0.110311850312	0.110311850312	0.999958419958	0.2661	0.2661
KU-0063794	-0.47050815400423335		0.889355509356	0.110644490644	0.110644490644	0.999958419958	0.2661	0.2661
NSC 74859	-0.46956170121202706		0.887442827443	0.112557172557	0.112557172557	0.999958419958	0.269353233831	0.269353233831
tivozanib	-0.4692598244679291		0.886777546778	0.113222453222	0.113222453222	0.999958419958	0.269603960396	0.269603960396
bendamustine	-0.4689510041350162		0.88577962578	0.11422037422	0.11422037422	0.999958419958	0.270640394089	0.270640394089
nilotinib	-0.4674119138119394		0.882952182952	0.117047817048	0.117047817048	0.999958419958	0.275652173913	0.275652173913
sildenafil	-0.46661316245805656		0.881912681913	0.118087318087	0.118087318087	0.999958419958	0.275652173913	0.275652173913
curcumin	-0.46651217462053673		0.881704781705	0.118295218295	0.118295218295	0.999958419958	0.275652173913	0.275652173913
CD-437	-0.4663944214138113		0.881372141372	0.118627858628	0.118627858628	0.999958419958	0.275652173913	0.275652173913
bardoxolone methyl	-0.46571016074183186		0.88	0.12	0.12	0.999958419958	0.276481481481	0.276481481481
SU11274	-0.4654108681782595		0.879168399168	0.120831600832	0.120831600832	0.999958419958	0.276481481481	0.276481481481
HC-067047	-0.4648180908441428		0.878004158004	0.121995841996	0.121995841996	0.999958419958	0.276481481481	0.276481481481
968	-0.46467795748703156		0.877754677755	0.122245322245	0.122245322245	0.999958419958	0.276481481481	0.276481481481
piperlongumine	-0.4644120087509323		0.877463617464	0.122536382536	0.122536382536	0.999958419958	0.276481481481	0.276481481481
NVP-231	-0.46435952193724206		0.877422037422	0.122577962578	0.122577962578	0.999958419958	0.276481481481	0.276481481481
PHA-793887	-0.4640343348928638		0.876548856549	0.123451143451	0.123451143451	0.999958419958	0.276481481481	0.276481481481
B02	-0.46389890514214394		0.876382536383	0.123617463617	0.123617463617	0.999958419958	0.276481481481	0.276481481481
sorafenib	-0.46342817087164917		0.875841995842	0.124158004158	0.124158004158	0.999958419958	0.276481481481	0.276481481481
FQI-1	-0.4627205552274203		0.874428274428	0.125571725572	0.125571725572	0.999958419958	0.278341013825	0.278341013825
tandutinib	-0.46188513707450773		0.872598752599	0.127401247401	0.127401247401	0.999958419958	0.281100917431	0.281100917431
SGX-523	-0.46079154765902125		0.870020790021	0.129979209979	0.129979209979	0.999958419958	0.285479452055	0.285479452055
SB-525334	-0.46016012109131105		0.868898128898	0.131101871102	0.131101871102	0.999958419958	0.285610859729	0.285610859729
BRD-K19103580	-0.46012883281137357		0.868773388773	0.131226611227	0.131226611227	0.999958419958	0.285610859729	0.285610859729
dinaciclib	-0.4590517040524042		0.867151767152	0.132848232848	0.132848232848	0.999958419958	0.286133333333	0.286133333333
thalidomide	-0.4587146817233042		0.86656964657	0.13343035343	0.13343035343	0.999958419958	0.286133333333	0.286133333333
PF-543	-0.4585266893599788		0.866195426195	0.133804573805	0.133804573805	0.999958419958	0.286133333333	0.286133333333
cediranib	-0.4585196320899133		0.866153846154	0.133846153846	0.133846153846	0.999958419958	0.286133333333	0.286133333333
AT7867	-0.4580872940915268		0.865072765073	0.134927234927	0.134927234927	0.999958419958	0.287168141593	0.287168141593
pandacostat	-0.45759570810159766		0.863575883576	0.136424116424	0.136424116424	0.999958419958	0.289074889868	0.289074889868
BRD-K04800985	-0.45662060576461144		0.86103950104	0.13896049896	0.13896049896	0.999958419958	0.292838427948	0.292838427948
KU-55933	-0.45631886787549386		0.860582120582	0.139417879418	0.139417879418	0.999958419958	0.292838427948	0.292838427948
PI-103	-0.4554209716400068		0.858794178794	0.141205821206	0.141205821206	0.999958419958	0.295304347826	0.295304347826
prochlorperazine	-0.4547163071672388		0.85762993763	0.14237006237	0.14237006237	0.999958419958	0.295689655172	0.295689655172
NVP-BEZ235	-0.4545790747585351		0.85738045738	0.14261954262	0.14261954262	0.999958419958	0.295689655172	0.295689655172
Ko-143	-0.45362601715924045		0.855426195426	0.144573804574	0.144573804574	0.999958419958	0.298454935622	0.298454935622
AZ-3146	-0.4528383682117001		0.853929313929	0.146070686071	0.146070686071	0.999958419958	0.300256410256	0.300256410256
AM-580	-0.45200340669514055		0.852182952183	0.147817047817	0.147817047817	0.999958419958	0.300675105485	0.300675105485
linifanib	-0.45185163824728525		0.85185031185	0.14814968815	0.14814968815	0.999958419958	0.300675105485	0.300675105485
TPCA-1	-0.4518087435636118		0.85185031185	0.14814968815	0.14814968815	0.999958419958	0.300675105485	0.300675105485
AT13387	-0.45031736815950574		0.849106029106	0.150893970894	0.150893970894	0.999958419958	0.304836065574	0.304836065574
JW-55	-0.4495398809707168		0.847318087318	0.152681912682	0.152681912682	0.999958419958	0.304836065574	0.304836065574
staurosporine	-0.4494327515573553		0.847193347193	0.152806652807	0.152806652807	0.999958419958	0.304836065574	0.304836065574
MK-1775	-0.44929135115738794		0.846985446985	0.153014553015	0.153014553015	0.999958419958	0.304836065574	0.304836065574
azacitidine	-0.44895172158017793		0.846195426195	0.153804573805	0.153804573805	0.999958419958	0.304836065574	0.304836065574
Ch-55	-0.44866888339273286		0.845571725572	0.154428274428	0.154428274428	0.999958419958	0.304836065574	0.304836065574
BMS-536924	-0.4486082328648195		0.845363825364	0.154636174636	0.154636174636	0.999958419958	0.304836065574	0.304836065574
BRD-K55116708	-0.44728035435914715		0.84237006237	0.15762993763	0.15762993763	0.999958419958	0.308536585366	0.308536585366
leptomycin B	-0.4471749861460688		0.842203742204	0.157796257796	0.157796257796	0.999958419958	0.308536585366	0.308536585366
PF-573228	-0.44614813057486624		0.839750519751	0.160249480249	0.160249480249	0.999958419958	0.310157480315	0.310157480315
BRD-K34099515	-0.4461431042280454		0.839750519751	0.160249480249	0.160249480249	0.999958419958	0.310157480315	0.310157480315
ML006	-0.44570363448265815		0.838586278586	0.161413721414	0.161413721414	0.999958419958	0.310157480315	0.310157480315
sitagliptin	-0.44528355580864054		0.83762993763	0.16237006237	0.16237006237	0.999958419958	0.310157480315	0.310157480315
clofarabine	-0.44501455351537694		0.837255717256	0.162744282744	0.162744282744	0.999958419958	0.310157480315	0.310157480315
BRD-K02492147	-0.4448760100732959		0.836964656965	0.163035343035	0.163035343035	0.999958419958	0.310157480315	0.310157480315
FGIN-1-27	-0.4445743554214424		0.836340956341	0.163659043659	0.163659043659	0.999958419958	0.310157480315	0.310157480315
nutlin-3	-0.444521527556112		0.836216216216	0.163783783784	0.163783783784	0.999958419958	0.310157480315	0.310157480315
GSK525762A	-0.44285761115035505		0.832224532225	0.167775467775	0.167775467775	0.999958419958	0.316470588235	0.316470588235
Bax channel blocker	-0.44167469314107205		0.829604989605	0.170395010395	0.170395010395	0.999958419958	0.319844357977	0.319844357977
OSI-027	-0.4414821381925719		0.829106029106	0.170893970894	0.170893970894	0.999958419958	0.319844357977	0.319844357977
gossypol	-0.4406338684791327		0.827193347193	0.172806652807	0.172806652807	0.999958419958	0.321923076923	0.321923076923
SR-II-138A	-0.4403659076483043		0.826486486486	0.173513513514	0.173513513514	0.999958419958	0.321923076923	0.321923076923
momelotinib	-0.44025703082924034		0.825987525988	0.174012474012	0.174012474012	0.999958419958	0.321923076923	0.321923076923
BIRB-796	-0.4378570323547489		0.820332640333	0.179667359667	0.179667359667	0.999958419958	0.331111111111	0.331111111111
BRD-K96431673	-0.4367566961068128		0.817879417879	0.182120582121	0.182120582121	0.999958419958	0.334351145038	0.334351145038
CHIR-99021	-0.4353368091898682		0.814303534304	0.185696465696	0.185696465696	0.999958419958	0.337352941176	0.337352941176
SMER-3	-0.43517227624315596		0.813887733888	0.186112266112	0.186112266112	0.999958419958	0.337352941176	0.337352941176
3-Cl-AHPC	-0.4346072385060326		0.81288981289	0.18711018711	0.18711018711	0.999958419958	0.337352941176	0.337352941176
sunitinib	-0.43440085387170907		0.812515592516	0.187484407484	0.187484407484	0.999958419958	0.337352941176	0.337352941176
SCH-529074	-0.434275493866628		0.812141372141	0.187858627859	0.187858627859	0.999958419958	0.337352941176	0.337352941176
BRD-K37390332	-0.4341622300559339		0.811933471933	0.188066528067	0.188066528067	0.999958419958	0.337352941176	0.337352941176
GSK-3 inhibitor IX	-0.43364051707005496		0.810228690229	0.189771309771	0.189771309771	0.999958419958	0.337352941176	0.337352941176
A-804598	-0.43358277594163275		0.810103950104	0.189896049896	0.189896049896	0.999958419958	0.337352941176	0.337352941176
BRD-K44224150	-0.4334283383618646		0.809854469854	0.190145530146	0.190145530146	0.999958419958	0.337352941176	0.337352941176
PF-750	-0.4331084786837671		0.809230769231	0.190769230769	0.190769230769	0.999958419958	0.337352941176	0.337352941176
DBeQ	-0.43199480423608727		0.806444906445	0.193555093555	0.193555093555	0.999958419958	0.340290909091	0.340290909091
paclitaxel	-0.431852373328847		0.806112266112	0.193887733888	0.193887733888	0.999958419958	0.340290909091	0.340290909091
SB-743921	-0.43138556191464045		0.805446985447	0.194553014553	0.194553014553	0.999958419958	0.340290909091	0.340290909091
PYR-41	-0.4306757086131599		0.803367983368	0.196632016632	0.196632016632	0.999958419958	0.34268115942	0.34268115942
fluorouracil	-0.43007443759462743		0.801912681913	0.198087318087	0.198087318087	0.999958419958	0.343533568905	0.343533568905
cabozantinib	-0.4294115601492208		0.800582120582	0.199417879418	0.199417879418	0.999958419958	0.343533568905	0.343533568905
bleomycin A2	-0.4290985937266215		0.800124740125	0.199875259875	0.199875259875	0.999958419958	0.343533568905	0.343533568905
CIL56	-0.42874379600545376		0.799126819127	0.200873180873	0.200873180873	0.999958419958	0.343533568905	0.343533568905
narciclasine	-0.42842839697918333		0.798253638254	0.201746361746	0.201746361746	0.999958419958	0.343533568905	0.343533568905
JQ-1	-0.42833355741444		0.798004158004	0.201995841996	0.201995841996	0.999958419958	0.343533568905	0.343533568905
tosedostat	-0.42825014722339233		0.797879417879	0.202120582121	0.202120582121	0.999958419958	0.343533568905	0.343533568905
NPC-26	-0.4277064959702289		0.796340956341	0.203659043659	0.203659043659	0.999958419958	0.344929577465	0.344929577465
GSK1059615	-0.4265200510445878		0.793513513514	0.206486486486	0.206486486486	0.999958419958	0.34849122807	0.34849122807
trifluoperazine	-0.42611170096188916		0.792182952183	0.207817047817	0.207817047817	0.999958419958	0.34951048951	0.34951048951
KU-60019	-0.4258381083728047		0.791268191268	0.208731808732	0.208731808732	0.999958419958	0.349825783972	0.349825783972
nintedanib	-0.4249276421189897		0.789064449064	0.210935550936	0.210935550936	0.999958419958	0.350620689655	0.350620689655
temsirolimus	-0.4248826656637905		0.788898128898	0.211101871102	0.211101871102	0.999958419958	0.350620689655	0.350620689655
cytochalasin B	-0.42478583257353325		0.788607068607	0.211392931393	0.211392931393	0.999958419958	0.350620689655	0.350620689655
parthenolide	-0.4238065919436869		0.786237006237	0.213762993763	0.213762993763	0.999958419958	0.353333333333	0.353333333333
niclosamide	-0.4234677622566359		0.785446985447	0.214553014553	0.214553014553	0.999958419958	0.353424657534	0.353424657534
SRT-1720	-0.4224263860043932		0.782827442827	0.217172557173	0.217172557173	0.999958419958	0.355608108108	0.355608108108
SID 26681509	-0.4222882374970397		0.782286902287	0.217713097713	0.217713097713	0.999958419958	0.355608108108	0.355608108108
GANT-61	-0.4218495453864765		0.781164241164	0.218835758836	0.218835758836	0.999958419958	0.355608108108	0.355608108108
purmorphamine	-0.4217779200333845		0.781164241164	0.218835758836	0.218835758836	0.999958419958	0.355608108108	0.355608108108
GDC-0941	-0.4207810486031414		0.778087318087	0.221912681913	0.221912681913	0.999958419958	0.3572	0.3572
triptolide	-0.4207108154392912		0.777920997921	0.222079002079	0.222079002079	0.999958419958	0.3572	0.3572
WP1130	-0.42063018269654034		0.777713097713	0.222286902287	0.222286902287	0.999958419958	0.3572	0.3572
N9-isopropylolomoucine	-0.4203329227090131		0.777214137214	0.222785862786	0.222785862786	0.999958419958	0.3572	0.3572
phloretin	-0.4196312505065617		0.775426195426	0.224573804574	0.224573804574	0.999958419958	0.357880794702	0.357880794702
quizartinib	-0.41959873325871977		0.775301455301	0.224698544699	0.224698544699	0.999958419958	0.357880794702	0.357880794702
WZ4002	-0.41896919809800953		0.773887733888	0.226112266112	0.226112266112	0.999958419958	0.358943894389	0.358943894389
I-BET151	-0.41858243194652517		0.773097713098	0.226902286902	0.226902286902	0.999958419958	0.359013157895	0.359013157895
AA-COCF3	-0.417955604323661		0.77130977131	0.22869022869	0.22869022869	0.999958419958	0.360655737705	0.360655737705
BRD-K30019337	-0.41715938769934174		0.769230769231	0.230769230769	0.230769230769	0.999958419958	0.362745098039	0.362745098039
obatoclax	-0.4157596342990234		0.765155925156	0.234844074844	0.234844074844	0.999958419958	0.367947882736	0.367947882736
importazole	-0.41521024869579276		0.763326403326	0.236673596674	0.236673596674	0.999958419958	0.369419354839	0.369419354839
KHS101	-0.4148980054636283		0.762411642412	0.237588357588	0.237588357588	0.999958419958	0.369419354839	0.369419354839
vorapaxar	-0.41468212569038215		0.761912681913	0.238087318087	0.238087318087	0.999958419958	0.369419354839	0.369419354839
PRL-3 inhibitor I	-0.4139453850352833		0.759667359667	0.240332640333	0.240332640333	0.999958419958	0.371538461538	0.371538461538
brefeldin A	-0.41373916011916934		0.759002079002	0.240997920998	0.240997920998	0.999958419958	0.371538461538	0.371538461538
CR-1-31B	-0.4129938305564086		0.75683991684	0.24316008316	0.24316008316	0.999958419958	0.373587301587	0.373587301587
palmostatin B	-0.41262721465387425		0.756008316008	0.243991683992	0.243991683992	0.999958419958	0.373587301587	0.373587301587
pifithrin-alpha	-0.4123687655356919		0.755343035343	0.244656964657	0.244656964657	0.999958419958	0.373587301587	0.373587301587
GSK-J4	-0.41128597650187093		0.752432432432	0.247567567568	0.247567567568	0.999958419958	0.376088328076	0.376088328076
HBX-41108	-0.4111919496360222		0.752141372141	0.247858627859	0.247858627859	0.999958419958	0.376088328076	0.376088328076
AZD7762	-0.4105328863817972		0.750395010395	0.249604989605	0.249604989605	0.999958419958	0.377547169811	0.377547169811
TW-37	-0.4102357722548308		0.749313929314	0.250686070686	0.250686070686	0.999958419958	0.377993730408	0.377993730408
StemRegenin 1	-0.40981897465755945		0.747650727651	0.252349272349	0.252349272349	0.999958419958	0.3793125	0.3793125
QS-11	-0.40900584129623924		0.745031185031	0.254968814969	0.254968814969	0.999958419958	0.382056074766	0.382056074766
RAF265	-0.4080845278068547		0.741954261954	0.258045738046	0.258045738046	0.999958419958	0.385325077399	0.385325077399
regorafenib	-0.4078699903420614		0.741247401247	0.258752598753	0.258752598753	0.999958419958	0.385325077399	0.385325077399
AGK-2	-0.40737670853672414		0.739833679834	0.260166320166	0.260166320166	0.999958419958	0.386234567901	0.386234567901
LE-135	-0.4070693298417875		0.739002079002	0.260997920998	0.260997920998	0.999958419958	0.386276923077	0.386276923077
BRD-K45681478	-0.4034500680463288		0.7279002079	0.2720997921	0.2720997921	0.999958419958	0.400611620795	0.400611620795
GW-405833	-0.40332515523197343		0.727650727651	0.272349272349	0.272349272349	0.999958419958	0.400611620795	0.400611620795
R428	-0.40283539781374594		0.726237006237	0.273762993763	0.273762993763	0.999958419958	0.401463414634	0.401463414634
masitinib	-0.402512016003717		0.725155925156	0.274844074844	0.274844074844	0.999958419958	0.401823708207	0.401823708207
pyrazolanthrone	-0.4018017765621271		0.722952182952	0.277047817048	0.277047817048	0.999958419958	0.403818181818	0.403818181818
semagacestat	-0.40141080173637195		0.721995841996	0.278004158004	0.278004158004	0.999958419958	0.403987915408	0.403987915408
ciclosporin	-0.39989109919342014		0.717422037422	0.282577962578	0.282577962578	0.999958419958	0.409397590361	0.409397590361
CD-1530	-0.3968546385315359		0.708648648649	0.291351351351	0.291351351351	0.999958419958	0.420598802395	0.420598802395
temozolomide	-0.39648437443654505		0.707941787942	0.292058212058	0.292058212058	0.999958419958	0.420598802395	0.420598802395
CIL55A	-0.3961326401867769		0.706943866944	0.293056133056	0.293056133056	0.999958419958	0.420776119403	0.420776119403
pevonedistat	-0.395152126950101		0.703492723493	0.296507276507	0.296507276507	0.999958419958	0.424464285714	0.424464285714
cyanoquinoline 11	-0.39461765760444356		0.701372141372	0.298627858628	0.298627858628	0.999958419958	0.426231454006	0.426231454006
sirolimus	-0.3943385361136738		0.700332640333	0.299667359667	0.299667359667	0.999958419958	0.426449704142	0.426449704142
neopeltolide	-0.39320971553025547		0.697047817048	0.302952182952	0.302952182952	0.999958419958	0.429852507375	0.429852507375
MK-0752	-0.3925739884642821		0.694677754678	0.305322245322	0.305322245322	0.999958419958	0.431143695015	0.431143695015
NVP-BSK805	-0.3923801785559565		0.694345114345	0.305654885655	0.305654885655	0.999958419958	0.431143695015	0.431143695015
valdecoxib	-0.39169428961514263		0.692182952183	0.307817047817	0.307817047817	0.999958419958	0.432186588921	0.432186588921
BRD-K78574327	-0.39147409378556436		0.691808731809	0.308191268191	0.308191268191	0.999958419958	0.432186588921	0.432186588921
BRD-A02303741	-0.39114334263123574		0.690644490644	0.309355509356	0.309355509356	0.999958419958	0.432558139535	0.432558139535
AZD8055	-0.3907497478113989		0.689438669439	0.310561330561	0.310561330561	0.999958419958	0.432985507246	0.432985507246
AZD7545	-0.3898477087338157		0.685987525988	0.314012474012	0.314012474012	0.999958419958	0.436531791908	0.436531791908
EX-527	-0.38857343565586555		0.682411642412	0.317588357588	0.317588357588	0.999958419958	0.440114942529	0.440114942529
oligomycin A	-0.3881865424153654		0.68158004158	0.31841995842	0.31841995842	0.999958419958	0.440114942529	0.440114942529
ZSTK474	-0.38764769690574036		0.679376299376	0.320623700624	0.320623700624	0.999958419958	0.441891117479	0.441891117479
MLN2238	-0.3872889995764715		0.67817047817	0.32182952183	0.32182952183	0.999958419958	0.442285714286	0.442285714286
austocystin D	-0.3865966808371181		0.675550935551	0.324449064449	0.324449064449	0.999958419958	0.444615384615	0.444615384615
ML312	-0.3849816115697269		0.670353430353	0.329646569647	0.329646569647	0.999958419958	0.450454545455	0.450454545455
TG-101348	-0.3844707993075244		0.668981288981	0.331018711019	0.331018711019	0.999958419958	0.45104815864	0.45104815864
BMS-345541	-0.38269410161562134		0.662910602911	0.337089397089	0.337089397089	0.999958419958	0.45802259887	0.45802259887
ML210	-0.3801130674463423		0.654428274428	0.345571725572	0.345571725572	0.999958419958	0.468225352113	0.468225352113
ML320	-0.37967227233429235		0.653014553015	0.346985446985	0.346985446985	0.999958419958	0.468820224719	0.468820224719
tigecycline	-0.37583715081736685		0.64182952183	0.35817047817	0.35817047817	0.999958419958	0.482577030812	0.482577030812
PIK-93	-0.3736197443616346		0.634095634096	0.365904365904	0.365904365904	0.999958419958	0.491620111732	0.491620111732
AZD6482	-0.37100296265317656		0.626153846154	0.373846153846	0.373846153846	0.999958419958	0.499888888889	0.499888888889
1S,3R-RSL-3	-0.3708719148646714		0.625862785863	0.374137214137	0.374137214137	0.999958419958	0.499888888889	0.499888888889
WZ8040	-0.3686664483587256		0.618336798337	0.381663201663	0.381663201663	0.999958419958	0.508099173554	0.508099173554
UNC0321	-0.36834289493220856		0.617338877339	0.382661122661	0.382661122661	0.999958419958	0.508099173554	0.508099173554
BRD-K97651142	-0.3679653555549964		0.616548856549	0.383451143451	0.383451143451	0.999958419958	0.508099173554	0.508099173554
SNS-032	-0.36385943931137704		0.604948024948	0.395051975052	0.395051975052	0.999958419958	0.522032967033	0.522032967033
BRD9876	-0.3630735465082166		0.602411642412	0.397588357588	0.397588357588	0.999958419958	0.523945205479	0.523945205479
BRD4132	-0.3599100272301637		0.592723492723	0.407276507277	0.407276507277	0.999958419958	0.535245901639	0.535245901639
silmitasertib	-0.3592750578954308		0.590311850312	0.409688149688	0.409688149688	0.999958419958	0.536948228883	0.536948228883
bortezomib	-0.3543012148607068		0.578004158004	0.421995841996	0.421995841996	0.999958419958	0.550189701897	0.550189701897
SNX-2112	-0.35423112287378167		0.577920997921	0.422079002079	0.422079002079	0.999958419958	0.550189701897	0.550189701897
fulvestrant	-0.35234675194624		0.573014553015	0.426985446985	0.426985446985	0.999958419958	0.554285714286	0.554285714286
myricetin	-0.35207288420224425		0.572474012474	0.427525987526	0.427525987526	0.999958419958	0.554285714286	0.554285714286
CI-976	-0.34941430259542233		0.566444906445	0.433555093555	0.433555093555	0.999958419958	0.560591397849	0.560591397849
salermide	-0.3437878671034211		0.553264033264	0.446735966736	0.446735966736	0.999958419958	0.576085790885	0.576085790885
KU 0060648	-0.3407490533140566		0.546735966736	0.453264033264	0.453264033264	0.999958419958	0.582941176471	0.582941176471
BRD-K84807411	-0.3197440420900299		0.516091476091	0.483908523909	0.483908523909	0.999958419958	0.620693333333	0.620693333333
BRD-K09344309	-0.30360507495267613		0.506029106029	0.493970893971	0.493970893971	0.999958419958	0.631914893617	0.631914893617
BRD-K30748066	-0.2456021781313183		0.501787941788	0.498212058212	0.498212058212	0.999958419958	0.633667546174	0.633667546174
BRD-K33514849	-0.21699928975284724		0.500914760915	0.499085239085	0.499085239085	0.999958419958	0.633667546174	0.633667546174
bafilomycin A1	-0.20910721554758077		0.500706860707	0.499293139293	0.499293139293	0.999958419958	0.633667546174	0.633667546174
SR8278	0.23502471153275667		0.498461538462	0.501538461538	0.498461538462	0.999958419958	0.634842105263	0.999958419958
dexamethasone	0.3209740583062076		0.47920997921	0.52079002079	0.47920997921	0.999958419958	0.657480314961	0.999958419958
methotrexate	0.3338064664091929		0.458669438669	0.541330561331	0.458669438669	0.999958419958	0.681623036649	0.999958419958
BRD-K71935468	0.3347738008244797		0.457089397089	0.542910602911	0.457089397089	0.999958419958	0.68182767624	0.999958419958
abiraterone	0.3449805240904547		0.435176715177	0.564823284823	0.435176715177	0.999958419958	0.7075	0.999958419958
spautin-1	0.3471729484422648		0.429272349272	0.570727650728	0.429272349272	0.999958419958	0.712538860104	0.999958419958
tanespimycin	0.34762854413948974		0.428191268191	0.571808731809	0.428191268191	0.999958419958	0.712538860104	0.999958419958
BRD-K14844214	0.3573190081661996		0.401995841996	0.598004158004	0.401995841996	0.999958419958	0.743255813953	0.999958419958
bosutinib	0.36527522392195577		0.377920997921	0.622079002079	0.377920997921	0.999958419958	0.77118556701	0.999958419958
betulinic acid	0.36730155447624396		0.372432432432	0.627567567568	0.372432432432	0.999958419958	0.774	0.999958419958
lovastatin	0.3673016615486804		0.372432432432	0.627567567568	0.372432432432	0.999958419958	0.774	0.999958419958
VER-155008	0.3793153349898447		0.335925155925	0.664074844075	0.335925155925	0.999958419958	0.816930946292	0.999958419958
vandetanib	0.3831256774397597		0.325322245322	0.674677754678	0.325322245322	0.999958419958	0.82696969697	0.999958419958
GSK2636771	0.38418617467340527		0.32182952183	0.67817047817	0.32182952183	0.999958419958	0.82696969697	0.999958419958
canertinib	0.3842619350744957		0.321663201663	0.678336798337	0.321663201663	0.999958419958	0.82696969697	0.999958419958
BRD8958	0.3850647645372069		0.319334719335	0.680665280665	0.319334719335	0.999958419958	0.82696969697	0.999958419958
BRD-K41334119	0.38511515276501873		0.319168399168	0.680831600832	0.319168399168	0.999958419958	0.82696969697	0.999958419958
BRD-K48334597	0.3905886972704179		0.30261954262	0.69738045738	0.30261954262	0.999958419958	0.844937027708	0.999958419958
BRD-K63431240	0.39151105396364033		0.299958419958	0.700041580042	0.299958419958	0.999958419958	0.846030150754	0.999958419958
MI-1	0.3953742404331458		0.288316008316	0.711683991684	0.288316008316	0.999958419958	0.857944862155	0.999958419958
COL-3	0.3980417089322971		0.280415800416	0.719584199584	0.280415800416	0.999958419958	0.864129353234	0.999958419958
CAL-101	0.39883816245161735		0.277962577963	0.722037422037	0.277962577963	0.999958419958	0.864129353234	0.999958419958
pluripotin	0.3988909556107241		0.277796257796	0.722203742204	0.277796257796	0.999958419958	0.864129353234	0.999958419958
gefitinib	0.40088982233840903		0.272307692308	0.727692307692	0.272307692308	0.999958419958	0.868535980149	0.999958419958
lapatinib	0.40175415320488905		0.269521829522	0.730478170478	0.269521829522	0.999958419958	0.869702970297	0.999958419958
CID-5951923	0.403563136353481		0.264573804574	0.735426195426	0.264573804574	0.999958419958	0.872285012285	0.999958419958
neratinib	0.40425540353679906		0.262245322245	0.737754677755	0.262245322245	0.999958419958	0.872285012285	0.999958419958
BRD-K27224038	0.4044271481905259		0.261912681913	0.738087318087	0.261912681913	0.999958419958	0.872285012285	0.999958419958
saracatinib	0.4049029205526667		0.259916839917	0.740083160083	0.259916839917	0.999958419958	0.8725	0.999958419958
blebbistatin	0.4100560592507204		0.243492723493	0.756507276507	0.243492723493	0.999958419958	0.889682151589	0.999958419958
BRD-K27986637	0.4118535916799728		0.237920997921	0.762079002079	0.237920997921	0.999958419958	0.890873786408	0.999958419958
BRD-K94991378	0.4119197956628307		0.237671517672	0.762328482328	0.237671517672	0.999958419958	0.890873786408	0.999958419958
BRD-K71781559	0.41227138031777527		0.236923076923	0.763076923077	0.236923076923	0.999958419958	0.890873786408	0.999958419958
ifosfamide	0.4141611684880334		0.231725571726	0.768274428274	0.231725571726	0.999958419958	0.894769975787	0.999958419958
YM-155	0.4153458593045113		0.228856548857	0.771143451143	0.228856548857	0.999958419958	0.895942028986	0.999958419958
SJ-172550	0.41759103091027666		0.224282744283	0.775717255717	0.224282744283	0.999958419958	0.899084337349	0.999958419958
BRD8899	0.4187202483993036		0.221330561331	0.778669438669	0.221330561331	0.999958419958	0.900239808153	0.999958419958
simvastatin	0.4196018573063142		0.219542619543	0.780457380457	0.219542619543	0.999958419958	0.900239808153	0.999958419958
VAF-347	0.4224640970053305		0.212598752599	0.787401247401	0.212598752599	0.999958419958	0.902897862233	0.999958419958
GSK4112	0.42261728575385		0.212266112266	0.787733887734	0.212266112266	0.999958419958	0.902897862233	0.999958419958
fluvastatin	0.423109852944717		0.210769230769	0.789230769231	0.210769230769	0.999958419958	0.902897862233	0.999958419958
KH-CB19	0.42346395079999494		0.20972972973	0.79027027027	0.20972972973	0.999958419958	0.902897862233	0.999958419958
BRD-K64610608	0.42853876660672025		0.197047817048	0.802952182952	0.197047817048	0.999958419958	0.915213270142	0.999958419958
tamatinib	0.4317644480656142		0.189313929314	0.810686070686	0.189313929314	0.999958419958	0.918305882353	0.999958419958
selumetinib	0.4318540311340152		0.189106029106	0.810893970894	0.189106029106	0.999958419958	0.918305882353	0.999958419958
veliparib	0.43211131667710073		0.188607068607	0.811392931393	0.188607068607	0.999958419958	0.918305882353	0.999958419958
TGX-221	0.4354965736938996		0.180332640333	0.819667359667	0.180332640333	0.999958419958	0.924449648712	0.999958419958
C6-ceramide	0.43591241108009193		0.179334719335	0.820665280665	0.179334719335	0.999958419958	0.924449648712	0.999958419958
ML334 diastereomer	0.4376727937924707		0.174511434511	0.825488565489	0.174511434511	0.999958419958	0.925787037037	0.999958419958
avicin D	0.4389376678313137		0.171933471933	0.828066528067	0.171933471933	0.999958419958	0.925787037037	0.999958419958
BEC	0.43900527793904026		0.171808731809	0.828191268191	0.171808731809	0.999958419958	0.925787037037	0.999958419958
VU0155056	0.440154363660204		0.169106029106	0.830893970894	0.169106029106	0.999958419958	0.925787037037	0.999958419958
ML258	0.4404223107855145		0.168523908524	0.831476091476	0.168523908524	0.999958419958	0.925787037037	0.999958419958
erismodegib	0.4460129772684137		0.156424116424	0.843575883576	0.156424116424	0.999958419958	0.931121076233	0.999958419958
BRD-K48477130	0.44610889449141217		0.156216216216	0.843783783784	0.156216216216	0.999958419958	0.931121076233	0.999958419958
dasatinib	0.4468232245304559		0.15422037422	0.84577962578	0.15422037422	0.999958419958	0.931121076233	0.999958419958
afatinib	0.44740908224338094		0.153056133056	0.846943866944	0.153056133056	0.999958419958	0.931121076233	0.999958419958
BRD-K17060750	0.4497318105409353		0.148399168399	0.851600831601	0.148399168399	0.999958419958	0.931121076233	0.999958419958
BRD-A05715709	0.4511563720053672		0.145363825364	0.854636174636	0.145363825364	0.999958419958	0.931121076233	0.999958419958
cyclophosphamide	0.4519696999673035		0.143783783784	0.856216216216	0.143783783784	0.999958419958	0.931121076233	0.999958419958
CAY10594	0.4519936968023713		0.143742203742	0.856257796258	0.143742203742	0.999958419958	0.931121076233	0.999958419958
CAY10576	0.4530445468601387		0.141413721414	0.858586278586	0.141413721414	0.999958419958	0.931121076233	0.999958419958
JW-480	0.45369282529896526		0.140041580042	0.859958419958	0.140041580042	0.999958419958	0.931121076233	0.999958419958
myriocin	0.453976561121272		0.139417879418	0.860582120582	0.139417879418	0.999958419958	0.931121076233	0.999958419958
etomoxir	0.45439270662434944		0.138586278586	0.861413721414	0.138586278586	0.999958419958	0.931121076233	0.999958419958
L-685458	0.4551680156676877		0.137297297297	0.862702702703	0.137297297297	0.999958419958	0.931121076233	0.999958419958
IPR-456	0.45550648273452216		0.136632016632	0.863367983368	0.136632016632	0.999958419958	0.931121076233	0.999958419958
trametinib	0.4649260764343619		0.116715176715	0.883284823285	0.116715176715	0.999958419958	0.950469798658	0.999958419958
fumonisin B1	0.4668591894365907		0.113056133056	0.886943866944	0.113056133056	0.999958419958	0.951796008869	0.999958419958
ML083	0.4684194425228113		0.110436590437	0.889563409563	0.110436590437	0.999958419958	0.951796008869	0.999958419958
lomeguatrib	0.46993480841109303		0.107858627859	0.892141372141	0.107858627859	0.999958419958	0.951796008869	0.999958419958
PLX-4032	0.4700425924850195		0.107567567568	0.892432432432	0.107567567568	0.999958419958	0.951796008869	0.999958419958
BRD-K09587429	0.47492963978152347		0.0977962577963	0.902203742204	0.0977962577963	0.999958419958	0.960088495575	0.999958419958
ibrutinib	0.4758455532380727		0.0955925155925	0.904407484407	0.0955925155925	0.999958419958	0.960309050773	0.999958419958
nelarabine	0.48030654647929016		0.0881912681913	0.911808731809	0.0881912681913	0.999958419958	0.964835164835	0.999958419958
GDC-0879	0.4808315294236597		0.0873180873181	0.912681912682	0.0873180873181	0.999958419958	0.964835164835	0.999958419958
BCL-LZH-4	0.4847430830427989		0.0816216216216	0.918378378378	0.0816216216216	0.999958419958	0.968728070175	0.999958419958
PD318088	0.48632925610184957		0.0790020790021	0.920997920998	0.0790020790021	0.999958419958	0.969365426696	0.999958419958
BRD-K50799972	0.49007405230909445		0.0731808731809	0.926819126819	0.0731808731809	0.999958419958	0.970944206009	0.999958419958
LY-2157299	0.4909998693509028		0.0716424116424	0.928357588358	0.0716424116424	0.999958419958	0.970944206009	0.999958419958
BRD-K75293299	0.4922408570810117		0.0696465696466	0.930353430353	0.0696465696466	0.999958419958	0.970944206009	0.999958419958
BRD-K16147474	0.49448814810640984		0.0659043659044	0.934095634096	0.0659043659044	0.999958419958	0.970944206009	0.999958419958
BRD-K33199242	0.49636466153773146	0.09927367457506321	0.063367983368	0.936632016632	0.063367983368	0.999958419958	0.970944206009	0.999958419958
WAY-362450	0.4963702063308771	0.13237844825556327	0.063367983368	0.936632016632	0.063367983368	0.999958419958	0.970944206009	0.999958419958
BRD9647	0.4979966672003869	0.15550740593548992	0.0605405405405	0.939459459459	0.0605405405405	0.999958419958	0.970944206009	0.999958419958
procarbazine	0.49835108729377675	0.16605159403491287	0.0597505197505	0.940249480249	0.0597505197505	0.999958419958	0.970944206009	0.999958419958
SR1001	0.4985626349225046	0.17070937654788593	0.0593347193347	0.940665280665	0.0593347193347	0.999958419958	0.970944206009	0.999958419958
BRD-K96970199	0.5008999753455416	0.11297951972568672	0.0559667359667	0.944033264033	0.0559667359667	0.999958419958	0.972334047109	0.999958419958
PD 153035	0.5039227049716305	0.01866891908709534	0.0516424116424	0.948357588358	0.0516424116424	0.999958419958	0.973731343284	0.999958419958
BRD-K86535717	0.5046360107816327	0.11501659563260397	0.0505613305613	0.949438669439	0.0505613305613	0.999958419958	0.973731343284	0.999958419958
BRD-K52037352	0.5128025064128819	0.1675530686157993	0.0416216216216	0.958378378378	0.0416216216216	0.999958419958	0.980808510638	0.999958419958
compound 1B	0.5206292906974809	0.07000264084002021	0.0339293139293	0.966070686071	0.0339293139293	0.999958419958	0.986581740977	0.999958419958
IC-87114	0.5256347564186162	0.012759932845014855	0.0297297297297	0.97027027027	0.0297297297297	0.999958419958	0.988771186441	0.999958419958
SB-431542	0.5444832080185443	0.01897790442026233	0.0168814968815	0.983118503119	0.0168814968815	0.902222222222	0.999746300211	0.902222222222
PLX-4720	0.5613440306507035	0.01591478239127721	0.00902286902287	0.990977130977	0.00902286902287	0.5425	0.999792099792	0.5425
CBB-1007	0.5637937892996864	0.028248291429603774	0.00810810810811	0.991891891892	0.00810810810811	0.5425	0.999792099792	0.5425
erlotinib	0.5758072779358	0.014148389364159478	0.00519750519751	0.994802494802	0.00519750519751	0.416666666667	0.999792099792	0.416666666667
birinapant	0.5815315695523778	0.0175275596353343	0.00419958419958	0.9958004158	0.00419958419958	0.404	0.999792099792	0.404
BRD-K99006945	0.5849214674183064	0.11027047706027024	0.0037422037422	0.996257796258	0.0037422037422	0.404	0.999792099792	0.404
BRD-K49290616	0.593017791322933	0.08288199094781734	0.00307692307692	0.996923076923	0.00307692307692	0.404	0.999792099792	0.404
dabrafenib	0.649083298006312	0.030566974309631706	0.00037422037422	0.999625779626	0.00037422037422	0.09	0.999792099792	0.09
O-6-benzylguanine	0.6597340761794958	0.15050796046858958	0.0002079002079	0.999792099792	0.0002079002079	0.09	0.999792099792	0.09
