	score	0.95 moe	p-value (forward)	p-value (reverse)	p-value	fdr (forward)	fdr (reverse)	fdr
isoliquiritigenin	-0.4371220777457904	0.12458264241345443	0.998627858628	0.00137214137214	0.00137214137214	0.998627858628	0.339565217391	0.339565217391
O-6-benzylguanine	-0.4276050844781916	0.15655851525207298	0.998004158004	0.00199584199584	0.00199584199584	0.998627858628	0.339565217391	0.339565217391
linsitinib	-0.40821326059024743	0.07908403654762398	0.995509355509	0.00449064449064	0.00449064449064	0.998627858628	0.339565217391	0.339565217391
Repligen 136	-0.4060077516744701	0.01840977782144142	0.995176715177	0.00482328482328	0.00482328482328	0.998627858628	0.339565217391	0.339565217391
BRD-K88742110	-0.4047790751469722	0.01891487258785769	0.994927234927	0.00507276507277	0.00507276507277	0.998627858628	0.339565217391	0.339565217391
IU1	-0.3965909766068043	0.015790874641381857	0.993180873181	0.00681912681913	0.00681912681913	0.998627858628	0.339565217391	0.339565217391
BRD-K29086754	-0.38698808966886067	0.09008901634487627	0.990893970894	0.00910602910603	0.00910602910603	0.998627858628	0.339565217391	0.339565217391
BRD-K02251932	-0.37952375059852933	0.12287417884124785	0.988565488565	0.0114345114345	0.0114345114345	0.998627858628	0.339565217391	0.339565217391
ibrutinib	-0.3780579642093203	0.02146065567444497	0.988024948025	0.0119750519751	0.0119750519751	0.998627858628	0.339565217391	0.339565217391
SR8278	-0.3751726007171654	0.027915821931950947	0.987276507277	0.0127234927235	0.0127234927235	0.998627858628	0.339565217391	0.339565217391
BMS-195614	-0.3734589310801648	0.08434120908214465	0.986735966736	0.013264033264	0.013264033264	0.998627858628	0.339565217391	0.339565217391
skepinone-L	-0.3721647716765861	0.019726308017815327	0.986070686071	0.0139293139293	0.0139293139293	0.998627858628	0.339565217391	0.339565217391
RITA	-0.3708146600484919	0.018931113329913735	0.985696465696	0.0143035343035	0.0143035343035	0.998627858628	0.339565217391	0.339565217391
serdemetan	-0.3694125203384376	0.016559077833858134	0.985322245322	0.0146777546778	0.0146777546778	0.998627858628	0.339565217391	0.339565217391
tubastatin A	-0.3622347906524331	0.1058758165028523	0.982494802495	0.0175051975052	0.0175051975052	0.998627858628	0.339565217391	0.339565217391
sotrastaurin	-0.36183224142859216	0.12089512057332133	0.98237006237	0.0176299376299	0.0176299376299	0.998627858628	0.339565217391	0.339565217391
MI-2	-0.36170546164324296	0.06599673054423208	0.98237006237	0.0176299376299	0.0176299376299	0.998627858628	0.339565217391	0.339565217391
NSC48300	-0.3615125911904046	0.014186662042506671	0.98237006237	0.0176299376299	0.0176299376299	0.998627858628	0.339565217391	0.339565217391
GSK-J4	-0.3614841221235616	0.030555753378039462	0.98237006237	0.0176299376299	0.0176299376299	0.998627858628	0.339565217391	0.339565217391
968	-0.3584781314748588	0.1201260160000311	0.980956340956	0.0190436590437	0.0190436590437	0.998627858628	0.339565217391	0.339565217391
istradefylline	-0.3573601044016537		0.980540540541	0.0194594594595	0.0194594594595	0.998627858628	0.339565217391	0.339565217391
ML050	-0.3561681422504463		0.980041580042	0.0199584199584	0.0199584199584	0.998627858628	0.339565217391	0.339565217391
ML029	-0.35517272285849766		0.979376299376	0.0206237006237	0.0206237006237	0.998627858628	0.339565217391	0.339565217391
thalidomide	-0.35407152406530495		0.978711018711	0.021288981289	0.021288981289	0.998627858628	0.339565217391	0.339565217391
avrainvillamide	-0.35340115184367843		0.978586278586	0.0214137214137	0.0214137214137	0.998627858628	0.339565217391	0.339565217391
BRD-K30748066	-0.3530323818331316		0.978336798337	0.0216632016632	0.0216632016632	0.998627858628	0.339565217391	0.339565217391
sitagliptin	-0.3528974954196493		0.978295218295	0.0217047817048	0.0217047817048	0.998627858628	0.339565217391	0.339565217391
BRD-K13999467	-0.3526652963949988		0.978045738046	0.0219542619543	0.0219542619543	0.998627858628	0.339565217391	0.339565217391
PF-4800567 hydrochloride	-0.35186163667023507		0.977505197505	0.0224948024948	0.0224948024948	0.998627858628	0.339565217391	0.339565217391
Mdivi-1	-0.3507570488303815		0.976923076923	0.0230769230769	0.0230769230769	0.998627858628	0.339565217391	0.339565217391
BRD-K33514849	-0.35038573063168027		0.97683991684	0.0231600831601	0.0231600831601	0.998627858628	0.339565217391	0.339565217391
BRD-K51490254	-0.34666969915084606		0.974386694387	0.0256133056133	0.0256133056133	0.998627858628	0.339565217391	0.339565217391
CIL70	-0.34599071404126963		0.973887733888	0.0261122661123	0.0261122661123	0.998627858628	0.339565217391	0.339565217391
ML239	-0.3454385603459338		0.973347193347	0.0266528066528	0.0266528066528	0.998627858628	0.339565217391	0.339565217391
BRD1835	-0.3452164835760498		0.973180873181	0.0268191268191	0.0268191268191	0.998627858628	0.339565217391	0.339565217391
BRD-K96970199	-0.34488552956051527		0.973056133056	0.0269438669439	0.0269438669439	0.998627858628	0.339565217391	0.339565217391
necrostatin-1	-0.3430933411980382		0.972141372141	0.0278586278586	0.0278586278586	0.998627858628	0.339565217391	0.339565217391
16-beta-bromoandrosterone	-0.3417990675530453		0.971226611227	0.0287733887734	0.0287733887734	0.998627858628	0.339565217391	0.339565217391
tamoxifen	-0.3415039057802295		0.971185031185	0.028814968815	0.028814968815	0.998627858628	0.339565217391	0.339565217391
BRD-K49290616	-0.34047185063500074		0.970395010395	0.029604989605	0.029604989605	0.998627858628	0.339565217391	0.339565217391
SB-431542	-0.34036620428976805		0.970311850312	0.0296881496881	0.0296881496881	0.998627858628	0.339565217391	0.339565217391
YM-155	-0.33975769573569475		0.970103950104	0.029896049896	0.029896049896	0.998627858628	0.339565217391	0.339565217391
necrostatin-7	-0.33831611768939995		0.969189189189	0.0308108108108	0.0308108108108	0.998627858628	0.339565217391	0.339565217391
barasertib	-0.33729070567011177		0.968607068607	0.0313929313929	0.0313929313929	0.998627858628	0.339565217391	0.339565217391
SKI-II	-0.3357180283025434		0.967525987526	0.032474012474	0.032474012474	0.998627858628	0.339565217391	0.339565217391
indisulam	-0.33568346497041684		0.967525987526	0.032474012474	0.032474012474	0.998627858628	0.339565217391	0.339565217391
BRD-K92856060	-0.3335599535544254		0.96553014553	0.0344698544699	0.0344698544699	0.998627858628	0.34612244898	0.34612244898
chlorambucil	-0.33321051860389034		0.965072765073	0.0349272349272	0.0349272349272	0.998627858628	0.34612244898	0.34612244898
lenvatinib	-0.33303424949745625		0.96474012474	0.0352598752599	0.0352598752599	0.998627858628	0.34612244898	0.34612244898
RG-108	-0.3316048008051215		0.963367983368	0.036632016632	0.036632016632	0.998627858628	0.3524	0.3524
JW-55	-0.33051521128627764		0.96237006237	0.0376299376299	0.0376299376299	0.998627858628	0.354901960784	0.354901960784
BRD-A71883111	-0.32872182575697256		0.960249480249	0.0397505197505	0.0397505197505	0.998627858628	0.357872340426	0.357872340426
BRD-K26531177	-0.3256524666816674		0.957754677755	0.0422453222453	0.0422453222453	0.998627858628	0.357872340426	0.357872340426
tretinoin	-0.3234712621835936		0.9558004158	0.0441995841996	0.0441995841996	0.998627858628	0.357872340426	0.357872340426
Compound 7d-cis	-0.32193263935025634		0.954137214137	0.0458627858628	0.0458627858628	0.998627858628	0.357872340426	0.357872340426
itraconazole	-0.3218204906367652		0.954012474012	0.0459875259875	0.0459875259875	0.998627858628	0.357872340426	0.357872340426
pifithrin-mu	-0.32177373651324515		0.953929313929	0.0460706860707	0.0460706860707	0.998627858628	0.357872340426	0.357872340426
BRD9647	-0.31952833985560397		0.951517671518	0.0484823284823	0.0484823284823	0.998627858628	0.357872340426	0.357872340426
pitstop2	-0.3191222247471811		0.950893970894	0.049106029106	0.049106029106	0.998627858628	0.357872340426	0.357872340426
erlotinib	-0.318931055488933		0.950602910603	0.0493970893971	0.0493970893971	0.998627858628	0.357872340426	0.357872340426
PX-12	-0.31883239147576725		0.950561330561	0.0494386694387	0.0494386694387	0.998627858628	0.357872340426	0.357872340426
PF-750	-0.3187157323070309		0.95051975052	0.0494802494802	0.0494802494802	0.998627858628	0.357872340426	0.357872340426
FSC231	-0.31762942702914165		0.949397089397	0.0506029106029	0.0506029106029	0.998627858628	0.357872340426	0.357872340426
ABT-199	-0.31544100535945935		0.947027027027	0.052972972973	0.052972972973	0.998627858628	0.357872340426	0.357872340426
BRD-A86708339	-0.31514076689818354		0.946652806653	0.0533471933472	0.0533471933472	0.998627858628	0.357872340426	0.357872340426
marinopyrrole A	-0.3144848907574399		0.946029106029	0.0539708939709	0.0539708939709	0.998627858628	0.357872340426	0.357872340426
elocalcitol	-0.3144248843833606		0.946029106029	0.0539708939709	0.0539708939709	0.998627858628	0.357872340426	0.357872340426
cediranib	-0.3143350420864354		0.945904365904	0.0540956340956	0.0540956340956	0.998627858628	0.357872340426	0.357872340426
tipifarnib-P1	-0.3136005142803045		0.944864864865	0.0551351351351	0.0551351351351	0.998627858628	0.357872340426	0.357872340426
imatinib	-0.3135875801282988		0.944864864865	0.0551351351351	0.0551351351351	0.998627858628	0.357872340426	0.357872340426
CAY10618	-0.3116656397124697		0.942203742204	0.0577962577963	0.0577962577963	0.998627858628	0.357872340426	0.357872340426
BRD-K19103580	-0.3112168926349335		0.941413721414	0.0585862785863	0.0585862785863	0.998627858628	0.357872340426	0.357872340426
PDMP	-0.31055460389712936		0.940706860707	0.0592931392931	0.0592931392931	0.998627858628	0.357872340426	0.357872340426
PD 153035	-0.3103144200215344		0.940457380457	0.0595426195426	0.0595426195426	0.998627858628	0.357872340426	0.357872340426
BRD-K24690302	-0.31022551192633596		0.940291060291	0.0597089397089	0.0597089397089	0.998627858628	0.357872340426	0.357872340426
ruxolitinib	-0.3095592920074168		0.939417879418	0.0605821205821	0.0605821205821	0.998627858628	0.357872340426	0.357872340426
BRD-K33199242	-0.30898584432596443		0.938835758836	0.0611642411642	0.0611642411642	0.998627858628	0.357872340426	0.357872340426
sirolimus	-0.3088051900182487		0.938503118503	0.0614968814969	0.0614968814969	0.998627858628	0.357872340426	0.357872340426
SR1001	-0.30861143821829917		0.938253638254	0.0617463617464	0.0617463617464	0.998627858628	0.357872340426	0.357872340426
linifanib	-0.3077032320684166		0.937130977131	0.062869022869	0.062869022869	0.998627858628	0.357872340426	0.357872340426
lomeguatrib	-0.30760500482345465		0.937089397089	0.0629106029106	0.0629106029106	0.998627858628	0.357872340426	0.357872340426
cyanoquinoline 11	-0.3068585975261443		0.936091476091	0.0639085239085	0.0639085239085	0.998627858628	0.357872340426	0.357872340426
MK-2206	-0.305021183841491		0.933264033264	0.066735966736	0.066735966736	0.998627858628	0.357872340426	0.357872340426
valdecoxib	-0.30481726921478236		0.933014553015	0.0669854469854	0.0669854469854	0.998627858628	0.357872340426	0.357872340426
BYL-719	-0.3047740475097276		0.932972972973	0.067027027027	0.067027027027	0.998627858628	0.357872340426	0.357872340426
olaparib	-0.3038791874853953		0.931642411642	0.0683575883576	0.0683575883576	0.998627858628	0.357872340426	0.357872340426
fingolimod	-0.30318168724640243		0.930644490644	0.0693555093555	0.0693555093555	0.998627858628	0.357872340426	0.357872340426
BRD6340	-0.3028790413375212		0.930395010395	0.069604989605	0.069604989605	0.998627858628	0.357872340426	0.357872340426
omacetaxine mepesuccinate	-0.3027378914275921		0.930187110187	0.0698128898129	0.0698128898129	0.998627858628	0.357872340426	0.357872340426
BRD-K29313308	-0.302530184240427		0.929979209979	0.0700207900208	0.0700207900208	0.998627858628	0.357872340426	0.357872340426
GMX-1778	-0.3021232761373275		0.929272349272	0.0707276507277	0.0707276507277	0.998627858628	0.357872340426	0.357872340426
BRD-K75293299	-0.30176315200154186		0.92869022869	0.0713097713098	0.0713097713098	0.998627858628	0.357872340426	0.357872340426
ifosfamide	-0.30107671680631715		0.927858627859	0.0721413721414	0.0721413721414	0.998627858628	0.357872340426	0.357872340426
MGCD-265	-0.30090203165702917		0.927401247401	0.0725987525988	0.0725987525988	0.998627858628	0.357872340426	0.357872340426
Compound 1541A	-0.300893766215162		0.927401247401	0.0725987525988	0.0725987525988	0.998627858628	0.357872340426	0.357872340426
NSC30930	-0.30088162161617515		0.92735966736	0.0726403326403	0.0726403326403	0.998627858628	0.357872340426	0.357872340426
BMS-270394	-0.3004102432842915		0.926611226611	0.0733887733888	0.0733887733888	0.998627858628	0.357872340426	0.357872340426
AZD4547	-0.2989375757495163		0.92395010395	0.0760498960499	0.0760498960499	0.998627858628	0.357872340426	0.357872340426
NVP-BEZ235	-0.29871247945533336		0.923451143451	0.0765488565489	0.0765488565489	0.998627858628	0.357872340426	0.357872340426
nilotinib	-0.29841520916122405		0.923243243243	0.0767567567568	0.0767567567568	0.998627858628	0.357872340426	0.357872340426
brivanib	-0.29835079793453756		0.923118503119	0.0768814968815	0.0768814968815	0.998627858628	0.357872340426	0.357872340426
belinostat	-0.2974814309357023		0.921455301455	0.0785446985447	0.0785446985447	0.998627858628	0.357872340426	0.357872340426
BRD-K41597374	-0.2974274219802044		0.921330561331	0.0786694386694	0.0786694386694	0.998627858628	0.357872340426	0.357872340426
TG-100-115	-0.2959811234431185		0.918669438669	0.0813305613306	0.0813305613306	0.998627858628	0.357872340426	0.357872340426
BRD-K28456706	-0.2956976163969692		0.91817047817	0.0818295218295	0.0818295218295	0.998627858628	0.357872340426	0.357872340426
KW-2449	-0.29569216410681487		0.918128898129	0.0818711018711	0.0818711018711	0.998627858628	0.357872340426	0.357872340426
gossypol	-0.29544829463628924		0.917713097713	0.0822869022869	0.0822869022869	0.998627858628	0.357872340426	0.357872340426
pazopanib	-0.29510118733161333		0.917130977131	0.082869022869	0.082869022869	0.998627858628	0.357872340426	0.357872340426
dinaciclib	-0.2947662161195871		0.916340956341	0.083659043659	0.083659043659	0.998627858628	0.357872340426	0.357872340426
fulvestrant	-0.294384908531062		0.915758835759	0.0842411642412	0.0842411642412	0.998627858628	0.357872340426	0.357872340426
OSI-930	-0.2940045914528715		0.915135135135	0.0848648648649	0.0848648648649	0.998627858628	0.357872340426	0.357872340426
ML203	-0.29322207714525306		0.914095634096	0.0859043659044	0.0859043659044	0.998627858628	0.357872340426	0.357872340426
epigallocatechin-3-monogallate	-0.29181191205018214		0.911476091476	0.0885239085239	0.0885239085239	0.998627858628	0.357872340426	0.357872340426
BRD-K64610608	-0.2914691664290012		0.911018711019	0.0889812889813	0.0889812889813	0.998627858628	0.357872340426	0.357872340426
KU-55933	-0.29132790733410807		0.910686070686	0.0893139293139	0.0893139293139	0.998627858628	0.357872340426	0.357872340426
BRD-A94377914	-0.2910409562226986		0.910228690229	0.0897713097713	0.0897713097713	0.998627858628	0.357872340426	0.357872340426
PHA-793887	-0.2909692764477911		0.910103950104	0.089896049896	0.089896049896	0.998627858628	0.357872340426	0.357872340426
PRIMA-1	-0.2907220312699317		0.909438669439	0.0905613305613	0.0905613305613	0.998627858628	0.357872340426	0.357872340426
BCL-LZH-4	-0.289832919674576		0.907775467775	0.0922245322245	0.0922245322245	0.998627858628	0.357872340426	0.357872340426
lapatinib	-0.28908684461515033		0.906819126819	0.0931808731809	0.0931808731809	0.998627858628	0.357872340426	0.357872340426
NSC23766	-0.2889898150503718		0.906694386694	0.0933056133056	0.0933056133056	0.998627858628	0.357872340426	0.357872340426
cytarabine hydrochloride	-0.28846539020537315		0.905613305613	0.0943866943867	0.0943866943867	0.998627858628	0.357872340426	0.357872340426
phloretin	-0.2881916456786149		0.905197505198	0.0948024948025	0.0948024948025	0.998627858628	0.357872340426	0.357872340426
BRD-M00053801	-0.28803096204093953		0.904948024948	0.095051975052	0.095051975052	0.998627858628	0.357872340426	0.357872340426
BRD-K86535717	-0.28738713761704426		0.903617463617	0.0963825363825	0.0963825363825	0.998627858628	0.357872340426	0.357872340426
bexarotene	-0.28685811766699376		0.902328482328	0.0976715176715	0.0976715176715	0.998627858628	0.357872340426	0.357872340426
BRD-K35604418	-0.2866783123012091		0.901995841996	0.0980041580042	0.0980041580042	0.998627858628	0.357872340426	0.357872340426
nutlin-3	-0.28624567213205276		0.901247401247	0.0987525987526	0.0987525987526	0.998627858628	0.357872340426	0.357872340426
CIL41	-0.28621178910161094		0.901205821206	0.0987941787942	0.0987941787942	0.998627858628	0.357872340426	0.357872340426
nelarabine	-0.28612313687951596		0.900997920998	0.0990020790021	0.0990020790021	0.998627858628	0.357872340426	0.357872340426
azacitidine	-0.2850543798643986		0.899126819127	0.100873180873	0.100873180873	0.998627858628	0.357872340426	0.357872340426
JW-74	-0.2848245609576245		0.898669438669	0.101330561331	0.101330561331	0.998627858628	0.357872340426	0.357872340426
SB-525334	-0.28468103656298355		0.898461538462	0.101538461538	0.101538461538	0.998627858628	0.357872340426	0.357872340426
BRD-K96431673	-0.2844957223771791		0.898045738046	0.101954261954	0.101954261954	0.998627858628	0.357872340426	0.357872340426
LY-2157299	-0.28414447165505274		0.896964656965	0.103035343035	0.103035343035	0.998627858628	0.357872340426	0.357872340426
MG-132	-0.28394083091556616		0.896632016632	0.103367983368	0.103367983368	0.998627858628	0.357872340426	0.357872340426
QW-BI-011	-0.28391975210723464		0.896632016632	0.103367983368	0.103367983368	0.998627858628	0.357872340426	0.357872340426
HC-067047	-0.2838688802894511		0.896507276507	0.103492723493	0.103492723493	0.998627858628	0.357872340426	0.357872340426
bafilomycin A1	-0.2834204449642012		0.895675675676	0.104324324324	0.104324324324	0.998627858628	0.357872340426	0.357872340426
KU-60019	-0.28340948794429144		0.895592515593	0.104407484407	0.104407484407	0.998627858628	0.357872340426	0.357872340426
BRD-K80183349	-0.28310705428567556		0.895093555094	0.104906444906	0.104906444906	0.998627858628	0.357872340426	0.357872340426
BRD-K34099515	-0.28210047107874053		0.893305613306	0.106694386694	0.106694386694	0.998627858628	0.358108108108	0.358108108108
BRD-K01737880	-0.2820572784959345		0.893222453222	0.106777546778	0.106777546778	0.998627858628	0.358108108108	0.358108108108
axitinib	-0.28187629516631824		0.892723492723	0.107276507277	0.107276507277	0.998627858628	0.358108108108	0.358108108108
tacrolimus	-0.2812041328095056		0.891185031185	0.108814968815	0.108814968815	0.998627858628	0.358108108108	0.358108108108
KU-0063794	-0.2811200966442258		0.89106029106	0.10893970894	0.10893970894	0.998627858628	0.358108108108	0.358108108108
SZ4TA2	-0.2807439685907679		0.889937629938	0.110062370062	0.110062370062	0.998627858628	0.358108108108	0.358108108108
BRD1812	-0.28067850837325264		0.889812889813	0.110187110187	0.110187110187	0.998627858628	0.358108108108	0.358108108108
SU11274	-0.2792492138866697		0.887068607069	0.112931392931	0.112931392931	0.998627858628	0.359605263158	0.359605263158
ouabain	-0.27924916179995035		0.887068607069	0.112931392931	0.112931392931	0.998627858628	0.359605263158	0.359605263158
darinaparsin	-0.2792050203085837		0.887027027027	0.112972972973	0.112972972973	0.998627858628	0.359605263158	0.359605263158
hyperforin	-0.27899092378424		0.886361746362	0.113638253638	0.113638253638	0.998627858628	0.359605263158	0.359605263158
etomoxir	-0.2778837494476946		0.884241164241	0.115758835759	0.115758835759	0.998627858628	0.363921568627	0.363921568627
VAF-347	-0.2768699634580175		0.881704781705	0.118295218295	0.118295218295	0.998627858628	0.365	0.365
ISOX	-0.27668221939622006		0.881247401247	0.118752598753	0.118752598753	0.998627858628	0.365	0.365
tivozanib	-0.27644428994526377		0.880873180873	0.119126819127	0.119126819127	0.998627858628	0.365	0.365
AZD1480	-0.2762013598808387		0.880332640333	0.119667359667	0.119667359667	0.998627858628	0.365	0.365
ML083	-0.275977477300926		0.879833679834	0.120166320166	0.120166320166	0.998627858628	0.365	0.365
ML258	-0.27557405267293794		0.878835758836	0.121164241164	0.121164241164	0.998627858628	0.365	0.365
vorinostat	-0.27537254864468946		0.878295218295	0.121704781705	0.121704781705	0.998627858628	0.365	0.365
NSC 74859	-0.2749329854432575		0.877006237006	0.122993762994	0.122993762994	0.998627858628	0.365	0.365
oligomycin A	-0.27482785304198953		0.876673596674	0.123326403326	0.123326403326	0.998627858628	0.365	0.365
PF-543	-0.27435787611911666		0.875634095634	0.124365904366	0.124365904366	0.998627858628	0.365	0.365
triptolide	-0.2743071632792725		0.875550935551	0.124449064449	0.124449064449	0.998627858628	0.365	0.365
LBH-589	-0.27379683578395825		0.87446985447	0.12553014553	0.12553014553	0.998627858628	0.365939393939	0.365939393939
apicidin	-0.27239309393998096		0.870644490644	0.129355509356	0.129355509356	0.998627858628	0.372694610778	0.372694610778
CCT036477	-0.27236407887546066		0.870602910603	0.129397089397	0.129397089397	0.998627858628	0.372694610778	0.372694610778
BRD-K55116708	-0.2713127351483717		0.868108108108	0.131891891892	0.131891891892	0.998627858628	0.373255813953	0.373255813953
KHS101	-0.2712114904197376		0.868024948025	0.131975051975	0.131975051975	0.998627858628	0.373255813953	0.373255813953
BRD-K16147474	-0.2707979871708389		0.866860706861	0.133139293139	0.133139293139	0.998627858628	0.373255813953	0.373255813953
Compound 23 citrate	-0.270738050243195		0.866694386694	0.133305613306	0.133305613306	0.998627858628	0.373255813953	0.373255813953
spautin-1	-0.2706297922144556		0.866528066528	0.133471933472	0.133471933472	0.998627858628	0.373255813953	0.373255813953
NSC19630	-0.2699444041163302		0.864449064449	0.135550935551	0.135550935551	0.998627858628	0.376878612717	0.376878612717
Ko-143	-0.26909536658726385		0.862536382536	0.137463617464	0.137463617464	0.998627858628	0.377766990291	0.377766990291
piperlongumine	-0.26881259107612254		0.862120582121	0.137879417879	0.137879417879	0.998627858628	0.377766990291	0.377766990291
ML031	-0.26860625523793036		0.861288981289	0.138711018711	0.138711018711	0.998627858628	0.377766990291	0.377766990291
tivantinib	-0.26742734389849177		0.858711018711	0.141288981289	0.141288981289	0.998627858628	0.377766990291	0.377766990291
tacedinaline	-0.2671234975695972		0.857920997921	0.142079002079	0.142079002079	0.998627858628	0.377766990291	0.377766990291
BRD-K85133207	-0.2661417729713918		0.855467775468	0.144532224532	0.144532224532	0.998627858628	0.377766990291	0.377766990291
tandutinib	-0.2659678783069188		0.855301455301	0.144698544699	0.144698544699	0.998627858628	0.377766990291	0.377766990291
HBX-41108	-0.26567331500957		0.854553014553	0.145446985447	0.145446985447	0.998627858628	0.377766990291	0.377766990291
QS-11	-0.2656179986092918		0.854428274428	0.145571725572	0.145571725572	0.998627858628	0.377766990291	0.377766990291
procarbazine	-0.2651042722759199		0.853139293139	0.146860706861	0.146860706861	0.998627858628	0.377766990291	0.377766990291
ELCPK	-0.2646075730865197		0.851476091476	0.148523908524	0.148523908524	0.998627858628	0.377766990291	0.377766990291
veliparib	-0.26456487906936876		0.851434511435	0.148565488565	0.148565488565	0.998627858628	0.377766990291	0.377766990291
afatinib	-0.2643617215261172		0.850769230769	0.149230769231	0.149230769231	0.998627858628	0.377766990291	0.377766990291
A-804598	-0.26378553112803915		0.849563409563	0.150436590437	0.150436590437	0.998627858628	0.377766990291	0.377766990291
BMS-345541	-0.2635558217275899		0.848981288981	0.151018711019	0.151018711019	0.998627858628	0.377766990291	0.377766990291
BRD-K34222889	-0.2633307203097552		0.848440748441	0.151559251559	0.151559251559	0.998627858628	0.377766990291	0.377766990291
neopeltolide	-0.2630183298471631		0.847733887734	0.152266112266	0.152266112266	0.998627858628	0.377766990291	0.377766990291
neratinib	-0.262773911416842		0.846777546778	0.153222453222	0.153222453222	0.998627858628	0.377766990291	0.377766990291
daporinad	-0.26266373458236064		0.84656964657	0.15343035343	0.15343035343	0.998627858628	0.377766990291	0.377766990291
BRD-K02492147	-0.26206076569654885		0.845197505198	0.154802494802	0.154802494802	0.998627858628	0.377766990291	0.377766990291
cerulenin	-0.2617557127415304		0.844158004158	0.155841995842	0.155841995842	0.998627858628	0.377766990291	0.377766990291
VX-680	-0.2612482071586488		0.843035343035	0.156964656965	0.156964656965	0.998627858628	0.377766990291	0.377766990291
BRD-K50799972	-0.2610812606226822		0.842744282744	0.157255717256	0.157255717256	0.998627858628	0.377766990291	0.377766990291
BIRB-796	-0.260906976532735		0.842328482328	0.157671517672	0.157671517672	0.998627858628	0.377766990291	0.377766990291
NSC95397	-0.2606342555453496		0.841912681913	0.158087318087	0.158087318087	0.998627858628	0.377766990291	0.377766990291
STF-31	-0.26039697564008946		0.841413721414	0.158586278586	0.158586278586	0.998627858628	0.377766990291	0.377766990291
SB-225002	-0.2602922733923257		0.841288981289	0.158711018711	0.158711018711	0.998627858628	0.377766990291	0.377766990291
GSK4112	-0.26025426811628277		0.841164241164	0.158835758836	0.158835758836	0.998627858628	0.377766990291	0.377766990291
isoevodiamine	-0.2596827432906297		0.839584199584	0.160415800416	0.160415800416	0.998627858628	0.377766990291	0.377766990291
nintedanib	-0.2594318882718958		0.838835758836	0.161164241164	0.161164241164	0.998627858628	0.377766990291	0.377766990291
ETP-46464	-0.2593997153564535		0.838835758836	0.161164241164	0.161164241164	0.998627858628	0.377766990291	0.377766990291
VU0155056	-0.25937320703285727		0.838794178794	0.161205821206	0.161205821206	0.998627858628	0.377766990291	0.377766990291
RAF265	-0.25910472614642593		0.838212058212	0.161787941788	0.161787941788	0.998627858628	0.377766990291	0.377766990291
GDC-0941	-0.25807144497579093		0.835218295218	0.164781704782	0.164781704782	0.998627858628	0.381057692308	0.381057692308
sildenafil	-0.25805971899370483		0.835218295218	0.164781704782	0.164781704782	0.998627858628	0.381057692308	0.381057692308
PL-DI	-0.2573749285296441		0.833305613306	0.166694386694	0.166694386694	0.998627858628	0.383142857143	0.383142857143
JW-480	-0.25720811098026525		0.832723492723	0.167276507277	0.167276507277	0.998627858628	0.383142857143	0.383142857143
VER-155008	-0.2554576381355799		0.827775467775	0.172224532225	0.172224532225	0.998627858628	0.388959276018	0.388959276018
BRD-K04800985	-0.255266725405758		0.82711018711	0.17288981289	0.17288981289	0.998627858628	0.388959276018	0.388959276018
sorafenib	-0.25395812787290534		0.824573804574	0.175426195426	0.175426195426	0.998627858628	0.388959276018	0.388959276018
quizartinib	-0.25366274470872213		0.82395010395	0.17604989605	0.17604989605	0.998627858628	0.388959276018	0.388959276018
ML006	-0.25365682626445435		0.82395010395	0.17604989605	0.17604989605	0.998627858628	0.388959276018	0.388959276018
SID 26681509	-0.25363184486540724		0.823866943867	0.176133056133	0.176133056133	0.998627858628	0.388959276018	0.388959276018
zebularine	-0.25352899639637266		0.823700623701	0.176299376299	0.176299376299	0.998627858628	0.388959276018	0.388959276018
WZ4002	-0.25350728096074415		0.823617463617	0.176382536383	0.176382536383	0.998627858628	0.388959276018	0.388959276018
FQI-1	-0.2528256769298616		0.822037422037	0.177962577963	0.177962577963	0.998627858628	0.388959276018	0.388959276018
BRD-K61166597	-0.25265623273726845		0.821496881497	0.178503118503	0.178503118503	0.998627858628	0.388959276018	0.388959276018
LY-2183240	-0.25261941460739845		0.821288981289	0.178711018711	0.178711018711	0.998627858628	0.388959276018	0.388959276018
FGIN-1-27	-0.2521097049889325		0.819667359667	0.180332640333	0.180332640333	0.998627858628	0.390720720721	0.390720720721
bardoxolone methyl	-0.2505130337890658		0.81604989605	0.18395010395	0.18395010395	0.998627858628	0.396771300448	0.396771300448
masitinib	-0.24963449519886685		0.813721413721	0.186278586279	0.186278586279	0.998627858628	0.398061674009	0.398061674009
alisertib	-0.24954692194696831		0.813347193347	0.186652806653	0.186652806653	0.998627858628	0.398061674009	0.398061674009
BRD-K45681478	-0.24940118412357865		0.81288981289	0.18711018711	0.18711018711	0.998627858628	0.398061674009	0.398061674009
BI-2536	-0.24918995142940492		0.812141372141	0.187858627859	0.187858627859	0.998627858628	0.398061674009	0.398061674009
ML162	-0.24862591639805098		0.810602910603	0.189397089397	0.189397089397	0.998627858628	0.399561403509	0.399561403509
PYR-41	-0.24715416744164884		0.806278586279	0.193721413721	0.193721413721	0.998627858628	0.404482758621	0.404482758621
pandacostat	-0.24682484624584305		0.805239085239	0.194760914761	0.194760914761	0.998627858628	0.404482758621	0.404482758621
BRD-K14844214	-0.24662283751172775		0.804948024948	0.195051975052	0.195051975052	0.998627858628	0.404482758621	0.404482758621
NPC-26	-0.24661157023472957		0.804906444906	0.195093555094	0.195093555094	0.998627858628	0.404482758621	0.404482758621
etoposide	-0.24624501136564456		0.803825363825	0.196174636175	0.196174636175	0.998627858628	0.404978540773	0.404978540773
doxorubicin	-0.24563415857724788		0.802203742204	0.197796257796	0.197796257796	0.998627858628	0.406581196581	0.406581196581
DBeQ	-0.24390610388478137		0.796507276507	0.203492723493	0.203492723493	0.998627858628	0.412857142857	0.412857142857
COL-3	-0.2438947835016161		0.796424116424	0.203575883576	0.203575883576	0.998627858628	0.412857142857	0.412857142857
momelotinib	-0.24384055381572373		0.796257796258	0.203742203742	0.203742203742	0.998627858628	0.412857142857	0.412857142857
tipifarnib-P2	-0.24368569450398941		0.795717255717	0.204282744283	0.204282744283	0.998627858628	0.412857142857	0.412857142857
isonicotinohydroxamic acid	-0.2432564528372053		0.794428274428	0.205571725572	0.205571725572	0.998627858628	0.413723849372	0.413723849372
AA-COCF3	-0.24248863630357914		0.792681912682	0.207318087318	0.207318087318	0.998627858628	0.4155	0.4155
AZD7545	-0.24163781246420538		0.790644490644	0.209355509356	0.209355509356	0.998627858628	0.417842323651	0.417842323651
leptomycin B	-0.24098798127919827		0.788814968815	0.211185031185	0.211185031185	0.998627858628	0.419752066116	0.419752066116
curcumin	-0.24069472258562058		0.787775467775	0.212224532225	0.212224532225	0.998627858628	0.420082304527	0.420082304527
niclosamide	-0.23964179699722588		0.785072765073	0.214927234927	0.214927234927	0.998627858628	0.421869918699	0.421869918699
tosedostat	-0.23940119670180834		0.784365904366	0.215634095634	0.215634095634	0.998627858628	0.421869918699	0.421869918699
temsirolimus	-0.23933984124805247		0.784241164241	0.215758835759	0.215758835759	0.998627858628	0.421869918699	0.421869918699
PAC-1	-0.23860774911697138		0.782203742204	0.217796257796	0.217796257796	0.998627858628	0.423453815261	0.423453815261
parthenolide	-0.23838997468012038		0.781455301455	0.218544698545	0.218544698545	0.998627858628	0.423453815261	0.423453815261
BRD-K78574327	-0.2381399419837398		0.78079002079	0.21920997921	0.21920997921	0.998627858628	0.423453815261	0.423453815261
KH-CB19	-0.2369510222848549		0.777588357588	0.222411642412	0.222411642412	0.998627858628	0.42792	0.42792
OSI-027	-0.23647350934146574		0.776216216216	0.223783783784	0.223783783784	0.998627858628	0.428844621514	0.428844621514
methylstat	-0.23588468335929558		0.774386694387	0.225613305613	0.225613305613	0.998627858628	0.428932806324	0.428932806324
alvocidib	-0.23585229556375267		0.774386694387	0.225613305613	0.225613305613	0.998627858628	0.428932806324	0.428932806324
SCH-529074	-0.23483861211752005		0.771351351351	0.228648648649	0.228648648649	0.998627858628	0.431764705882	0.431764705882
BRD-K48334597	-0.23476007425564885		0.771101871102	0.228898128898	0.228898128898	0.998627858628	0.431764705882	0.431764705882
ceranib-2	-0.23414950219735578		0.768856548857	0.231143451143	0.231143451143	0.998627858628	0.434296875	0.434296875
decitabine	-0.23352723250251525		0.766652806653	0.233347193347	0.233347193347	0.998627858628	0.43673151751	0.43673151751
MST-312	-0.23210090718541815		0.761995841996	0.238004158004	0.238004158004	0.998627858628	0.442230483271	0.442230483271
PF-3758309	-0.23154809196796997		0.760415800416	0.239584199584	0.239584199584	0.998627858628	0.442230483271	0.442230483271
BRD-K97651142	-0.2309484266686866		0.758212058212	0.241787941788	0.241787941788	0.998627858628	0.442230483271	0.442230483271
GW-405833	-0.23056979835623848		0.756964656965	0.243035343035	0.243035343035	0.998627858628	0.442230483271	0.442230483271
GSK1059615	-0.2300775348565572		0.755218295218	0.244781704782	0.244781704782	0.998627858628	0.442230483271	0.442230483271
SCH-79797	-0.23005015513215302		0.755135135135	0.244864864865	0.244864864865	0.998627858628	0.442230483271	0.442230483271
ZSTK474	-0.22980641930578766		0.754428274428	0.245571725572	0.245571725572	0.998627858628	0.442230483271	0.442230483271
importazole	-0.22973396030198626		0.75422037422	0.24577962578	0.24577962578	0.998627858628	0.442230483271	0.442230483271
Bax channel blocker	-0.2293470661495934		0.753222453222	0.246777546778	0.246777546778	0.998627858628	0.442230483271	0.442230483271
TW-37	-0.22923008843839351		0.75288981289	0.24711018711	0.24711018711	0.998627858628	0.442230483271	0.442230483271
PF-573228	-0.22918462311187882		0.75288981289	0.24711018711	0.24711018711	0.998627858628	0.442230483271	0.442230483271
BRD-K66532283	-0.22911316818685407		0.752681912682	0.247318087318	0.247318087318	0.998627858628	0.442230483271	0.442230483271
teniposide	-0.22777906909102072		0.748981288981	0.251018711019	0.251018711019	0.998627858628	0.444157706093	0.444157706093
manumycin A	-0.22764432953216066		0.748482328482	0.251517671518	0.251517671518	0.998627858628	0.444157706093	0.444157706093
BIBR-1532	-0.2274200605678978		0.7479002079	0.2520997921	0.2520997921	0.998627858628	0.444157706093	0.444157706093
erismodegib	-0.22734818177015234		0.747817047817	0.252182952183	0.252182952183	0.998627858628	0.444157706093	0.444157706093
canertinib	-0.22702998150099687		0.746694386694	0.253305613306	0.253305613306	0.998627858628	0.444157706093	0.444157706093
ML311	-0.226391656882871		0.7441995842	0.2558004158	0.2558004158	0.998627858628	0.444157706093	0.444157706093
Ki8751	-0.2262563969358896		0.743700623701	0.256299376299	0.256299376299	0.998627858628	0.444157706093	0.444157706093
BRD-K48477130	-0.22614311960320377		0.743451143451	0.256548856549	0.256548856549	0.998627858628	0.444157706093	0.444157706093
MI-1	-0.225912949687863		0.742785862786	0.257214137214	0.257214137214	0.998627858628	0.444157706093	0.444157706093
ciclopirox	-0.22578228050922716		0.74237006237	0.25762993763	0.25762993763	0.998627858628	0.444157706093	0.444157706093
FQI-2	-0.2249666017698711		0.739542619543	0.260457380457	0.260457380457	0.998627858628	0.447428571429	0.447428571429
N9-isopropylolomoucine	-0.2242845794297424		0.737297297297	0.262702702703	0.262702702703	0.998627858628	0.449679715302	0.449679715302
neuronal differentiation inducer III	-0.22146999720588414		0.728440748441	0.271559251559	0.271559251559	0.998627858628	0.463191489362	0.463191489362
SMER-3	-0.2203512595549658		0.724906444906	0.275093555094	0.275093555094	0.998627858628	0.467561837456	0.467561837456
fluorouracil	-0.21990122508679585		0.723866943867	0.276133056133	0.276133056133	0.998627858628	0.467676056338	0.467676056338
LE-135	-0.21732520754850984		0.714428274428	0.285571725572	0.285571725572	0.998627858628	0.478200692042	0.478200692042
Merck60	-0.21721165614910845		0.714137214137	0.285862785863	0.285862785863	0.998627858628	0.478200692042	0.478200692042
PIK-93	-0.21693666671340117		0.71343035343	0.28656964657	0.28656964657	0.998627858628	0.478200692042	0.478200692042
regorafenib	-0.2165448427150975		0.712681912682	0.287318087318	0.287318087318	0.998627858628	0.478200692042	0.478200692042
PRL-3 inhibitor I	-0.21652991878586617		0.712681912682	0.287318087318	0.287318087318	0.998627858628	0.478200692042	0.478200692042
necrosulfonamide	-0.21562746768901347		0.709854469854	0.290145530146	0.290145530146	0.998627858628	0.48124137931	0.48124137931
B02	-0.21442644347295098		0.706361746362	0.293638253638	0.293638253638	0.998627858628	0.484778156997	0.484778156997
SNS-032	-0.21408384094017577		0.705072765073	0.294927234927	0.294927234927	0.998627858628	0.484778156997	0.484778156997
MK-1775	-0.21394312963301468		0.704698544699	0.295301455301	0.295301455301	0.998627858628	0.484778156997	0.484778156997
CAY10594	-0.21305483525676044		0.701912681913	0.298087318087	0.298087318087	0.998627858628	0.485405405405	0.485405405405
AGK-2	-0.2130223593729011		0.701871101871	0.298128898129	0.298128898129	0.998627858628	0.485405405405	0.485405405405
CD-1530	-0.21282575312393984		0.701288981289	0.298711018711	0.298711018711	0.998627858628	0.485405405405	0.485405405405
entinostat	-0.211879941547129		0.697879417879	0.302120582121	0.302120582121	0.998627858628	0.489292929293	0.489292929293
KPT185	-0.21127893674506443		0.695925155925	0.304074844075	0.304074844075	0.998627858628	0.490394736842	0.490394736842
austocystin D	-0.21063534838599593		0.693970893971	0.306029106029	0.306029106029	0.998627858628	0.490394736842	0.490394736842
GSK461364	-0.2104201224193165		0.693222453222	0.306777546778	0.306777546778	0.998627858628	0.490394736842	0.490394736842
AZD8055	-0.21007360816322665		0.691975051975	0.308024948025	0.308024948025	0.998627858628	0.490394736842	0.490394736842
mitomycin	-0.20963849873643434		0.690727650728	0.309272349272	0.309272349272	0.998627858628	0.490394736842	0.490394736842
CID-5951923	-0.2093709431593683		0.690062370062	0.309937629938	0.309937629938	0.998627858628	0.490394736842	0.490394736842
GANT-61	-0.20936486796135786		0.690062370062	0.309937629938	0.309937629938	0.998627858628	0.490394736842	0.490394736842
BRD-K09344309	-0.20846730472118494		0.687650727651	0.312349272349	0.312349272349	0.998627858628	0.492590163934	0.492590163934
Ch-55	-0.2071199928640707		0.683742203742	0.316257796258	0.316257796258	0.998627858628	0.497124183007	0.497124183007
ciclosporin	-0.20650039105407278		0.681538461538	0.318461538462	0.318461538462	0.998627858628	0.498580645161	0.498580645161
BRD-K66453893	-0.20588969001108698		0.679501039501	0.320498960499	0.320498960499	0.998627858628	0.498580645161	0.498580645161
GSK525762A	-0.20584196573439584		0.679168399168	0.320831600832	0.320831600832	0.998627858628	0.498580645161	0.498580645161
BRD9876	-0.20558661096690262		0.678669438669	0.321330561331	0.321330561331	0.998627858628	0.498580645161	0.498580645161
vincristine	-0.20489873812021603		0.676257796258	0.323742203742	0.323742203742	0.998627858628	0.500707395498	0.500707395498
1S,3R-RSL-3	-0.20460919751399245		0.674927234927	0.325072765073	0.325072765073	0.998627858628	0.501153846154	0.501153846154
MK-0752	-0.20298620240152557		0.670145530146	0.329854469854	0.329854469854	0.998627858628	0.505094339623	0.505094339623
AZ-3146	-0.20247282977547754		0.669022869023	0.330977130977	0.330977130977	0.998627858628	0.505094339623	0.505094339623
NVP-231	-0.20213480471200368		0.668066528067	0.331933471933	0.331933471933	0.998627858628	0.505094339623	0.505094339623
TG-101348	-0.20194043486236335		0.667401247401	0.332598752599	0.332598752599	0.998627858628	0.505094339623	0.505094339623
purmorphamine	-0.20163297406195627		0.66656964657	0.33343035343	0.33343035343	0.998627858628	0.505094339623	0.505094339623
GW-843682X	-0.2014831057140796		0.666070686071	0.333929313929	0.333929313929	0.998627858628	0.505094339623	0.505094339623
UNC0321	-0.19975842847074862		0.660041580042	0.339958419958	0.339958419958	0.998627858628	0.512601880878	0.512601880878
prochlorperazine	-0.19932974166057116		0.658669438669	0.341330561331	0.341330561331	0.998627858628	0.512710280374	0.512710280374
CR-1-31B	-0.1990312484361835		0.657837837838	0.342162162162	0.342162162162	0.998627858628	0.512710280374	0.512710280374
avicin D	-0.19798944742822022		0.654428274428	0.345571725572	0.345571725572	0.998627858628	0.514259259259	0.514259259259
SR-II-138A	-0.1978649063029286		0.654012474012	0.345987525988	0.345987525988	0.998627858628	0.514259259259	0.514259259259
CD-437	-0.19760991811499581		0.653596673597	0.346403326403	0.346403326403	0.998627858628	0.514259259259	0.514259259259
parbendazole	-0.19728671495817734		0.652474012474	0.347525987526	0.347525987526	0.998627858628	0.514338461538	0.514338461538
BRD-K70511574	-0.1965968563125339		0.650353430353	0.349646569647	0.349646569647	0.998627858628	0.515412844037	0.515412844037
StemRegenin 1	-0.19624487393869558		0.649604989605	0.350395010395	0.350395010395	0.998627858628	0.515412844037	0.515412844037
SRT-1720	-0.19561881224613556		0.647609147609	0.352390852391	0.352390852391	0.998627858628	0.516768292683	0.516768292683
silmitasertib	-0.19465944935323096		0.64395010395	0.35604989605	0.35604989605	0.998627858628	0.519525222552	0.519525222552
WP1130	-0.19448666738490586		0.643451143451	0.356548856549	0.356548856549	0.998627858628	0.519525222552	0.519525222552
myricetin	-0.19384347757358195		0.641247401247	0.358752598753	0.358752598753	0.998627858628	0.519525222552	0.519525222552
EX-527	-0.19350004774509572		0.639625779626	0.360374220374	0.360374220374	0.998627858628	0.519525222552	0.519525222552
AT7867	-0.19335834999983365		0.639376299376	0.360623700624	0.360623700624	0.998627858628	0.519525222552	0.519525222552
KU 0060648	-0.19317266390710447		0.638918918919	0.361081081081	0.361081081081	0.998627858628	0.519525222552	0.519525222552
JQ-1	-0.1928566036259154		0.638004158004	0.361995841996	0.361995841996	0.998627858628	0.519525222552	0.519525222552
YK 4-279	-0.1923501306014516		0.63604989605	0.36395010395	0.36395010395	0.998627858628	0.519525222552	0.519525222552
gemcitabine	-0.19232759385312023		0.636008316008	0.363991683992	0.363991683992	0.998627858628	0.519525222552	0.519525222552
LRRK2-IN-1	-0.19197518044559142		0.634760914761	0.365239085239	0.365239085239	0.998627858628	0.519763313609	0.519763313609
docetaxel	-0.19163485496716948		0.633638253638	0.366361746362	0.366361746362	0.998627858628	0.51982300885	0.51982300885
PI-103	-0.1911635998291186		0.632016632017	0.367983367983	0.367983367983	0.998627858628	0.520588235294	0.520588235294
pevonedistat	-0.1895010121107832		0.626819126819	0.373180873181	0.373180873181	0.998627858628	0.52361516035	0.52361516035
AM-580	-0.1894599873691278		0.626735966736	0.373264033264	0.373264033264	0.998627858628	0.52361516035	0.52361516035
BRD4132	-0.1894479539103494		0.626611226611	0.373388773389	0.373388773389	0.998627858628	0.52361516035	0.52361516035
3-Cl-AHPC	-0.18869687274981067		0.624948024948	0.375051975052	0.375051975052	0.998627858628	0.524418604651	0.524418604651
rigosertib	-0.18764261300105955		0.621995841996	0.378004158004	0.378004158004	0.998627858628	0.527014492754	0.527014492754
KX2-391	-0.1867699928110542		0.619750519751	0.380249480249	0.380249480249	0.998627858628	0.528612716763	0.528612716763
dexamethasone	-0.1861587466297315		0.61817047817	0.38182952183	0.38182952183	0.998627858628	0.529279538905	0.529279538905
triazolothiadiazine	-0.18571304322687704		0.616881496881	0.383118503119	0.383118503119	0.998627858628	0.529398280802	0.529398280802
ML210	-0.18544965196146693		0.615883575884	0.384116424116	0.384116424116	0.998627858628	0.529398280802	0.529398280802
NVP-BSK805	-0.18360620859922636		0.61027027027	0.38972972973	0.38972972973	0.998627858628	0.5356	0.5356
tigecycline	-0.1827546841105909		0.607858627859	0.392141372141	0.392141372141	0.998627858628	0.537378917379	0.537378917379
CI-976	-0.18206585356331192		0.605613305613	0.394386694387	0.394386694387	0.998627858628	0.538079096045	0.538079096045
SB-743921	-0.18158839113773356		0.604823284823	0.395176715177	0.395176715177	0.998627858628	0.538079096045	0.538079096045
BRD8958	-0.18136390647241968		0.603991683992	0.396008316008	0.396008316008	0.998627858628	0.538079096045	0.538079096045
AZD6482	-0.17963793745389217		0.598544698545	0.401455301455	0.401455301455	0.998627858628	0.542402234637	0.542402234637
narciclasine	-0.17930561035078493		0.598045738046	0.401954261954	0.401954261954	0.998627858628	0.542402234637	0.542402234637
abiraterone	-0.17860602826787128		0.596340956341	0.403659043659	0.403659043659	0.998627858628	0.542402234637	0.542402234637
paclitaxel	-0.17858154165152473		0.596299376299	0.403700623701	0.403700623701	0.998627858628	0.542402234637	0.542402234637
brefeldin A	-0.17802108655045326		0.595093555094	0.404906444906	0.404906444906	0.998627858628	0.542506963788	0.542506963788
salermide	-0.17694992011839578		0.592598752599	0.407401247401	0.407401247401	0.998627858628	0.544333333333	0.544333333333
CHM-1	-0.17584250664600493		0.589438669439	0.410561330561	0.410561330561	0.998627858628	0.54703601108	0.54703601108
R428	-0.17380983260238217		0.58474012474	0.41525987526	0.41525987526	0.998627858628	0.551767955801	0.551767955801
I-BET151	-0.17064127087045317		0.577463617464	0.422536382536	0.422536382536	0.998627858628	0.559889807163	0.559889807163
nakiterpiosin	-0.16800253774276383		0.571476091476	0.428523908524	0.428523908524	0.998627858628	0.566263736264	0.566263736264
cucurbitacin I	-0.16293427953066886		0.562536382536	0.437463617464	0.437463617464	0.998627858628	0.576493150685	0.576493150685
methotrexate	-0.1418264710911266		0.540623700624	0.459376299376	0.459376299376	0.998627858628	0.603715846995	0.603715846995
obatoclax	0.1676443105446243		0.489106029106	0.510893970894	0.489106029106	0.998627858628	0.669591280654	0.998627858628
SNX-2112	0.16967467372745046		0.483742203742	0.516257796258	0.483742203742	0.998627858628	0.674782608696	0.998627858628
saracatinib	0.1798570116281438		0.453139293139	0.546860706861	0.453139293139	0.998627858628	0.712845528455	0.998627858628
AT13387	0.18971649391575435		0.418128898129	0.581871101871	0.418128898129	0.998627858628	0.756432432432	0.998627858628
BRD-A02303741	0.19055220085045213		0.415135135135	0.584864864865	0.415135135135	0.998627858628	0.758274932615	0.998627858628
tanespimycin	0.19139118905410973		0.412307692308	0.587692307692	0.412307692308	0.998627858628	0.759892473118	0.998627858628
GSK2636771	0.1924706449332125		0.408316008316	0.591683991684	0.408316008316	0.998627858628	0.763002680965	0.998627858628
WZ8040	0.1941817859723476		0.40182952183	0.59817047817	0.40182952183	0.998627858628	0.769304812834	0.998627858628
vandetanib	0.19699550798452123		0.39130977131	0.60869022869	0.39130977131	0.998627858628	0.780746666667	0.998627858628
BRD-K71935468	0.19814400194544896		0.387401247401	0.612598752599	0.387401247401	0.998627858628	0.783670212766	0.998627858628
bortezomib	0.19998390156668847		0.380582120582	0.619417879418	0.380582120582	0.998627858628	0.788020833333	0.998627858628
UNC0638	0.20063536808127488		0.378835758836	0.621164241164	0.378835758836	0.998627858628	0.788020833333	0.998627858628
CIL55A	0.2014085592197909		0.376008316008	0.623991683992	0.376008316008	0.998627858628	0.788020833333	0.998627858628
BRD-K63431240	0.20151933760295934		0.375634095634	0.624365904366	0.375634095634	0.998627858628	0.788020833333	0.998627858628
clofarabine	0.20247708148326046		0.372058212058	0.627941787942	0.372058212058	0.998627858628	0.788020833333	0.998627858628
betulinic acid	0.20256719890185315		0.371808731809	0.628191268191	0.371808731809	0.998627858628	0.788020833333	0.998627858628
gefitinib	0.20275463609046276		0.371185031185	0.628814968815	0.371185031185	0.998627858628	0.788020833333	0.998627858628
SN-38	0.2028101949810998		0.370893970894	0.629106029106	0.370893970894	0.998627858628	0.788020833333	0.998627858628
topotecan	0.20356552456481475		0.368523908524	0.631476091476	0.368523908524	0.998627858628	0.788935064935	0.998627858628
MLN2238	0.20456018605048534		0.364449064449	0.635550935551	0.364449064449	0.998627858628	0.791968911917	0.998627858628
lovastatin	0.20603680288588674		0.358586278586	0.641413721414	0.358586278586	0.998627858628	0.797209302326	0.998627858628
tamatinib	0.20771115425340747		0.353097713098	0.646902286902	0.353097713098	0.998627858628	0.801958762887	0.998627858628
cytochalasin B	0.20983034875087583		0.346070686071	0.653929313929	0.346070686071	0.998627858628	0.808586118252	0.998627858628
NSC632839	0.21172153881664388		0.338087318087	0.661912681913	0.338087318087	0.998627858628	0.816358974359	0.998627858628
vorapaxar	0.2148171197119039		0.32498960499	0.67501039501	0.32498960499	0.998627858628	0.830383631714	0.998627858628
BIX-01294	0.21567783286913073		0.322286902287	0.677713097713	0.322286902287	0.998627858628	0.831581632653	0.998627858628
fluvastatin	0.21840160937663963		0.311517671518	0.688482328482	0.311517671518	0.998627858628	0.842646310433	0.998627858628
C6-ceramide	0.219185791345805		0.308773388773	0.691226611227	0.308773388773	0.998627858628	0.84385786802	0.998627858628
simvastatin	0.22180372429044895		0.299126819127	0.700873180873	0.299126819127	0.998627858628	0.852613065327	0.998627858628
TPCA-1	0.2221432180486262		0.297089397089	0.702910602911	0.297089397089	0.998627858628	0.852613065327	0.998627858628
CAL-101	0.2230135730732869		0.294553014553	0.705446985447	0.294553014553	0.998627858628	0.852613065327	0.998627858628
temozolomide	0.22302740194820841		0.294511434511	0.705488565489	0.294511434511	0.998627858628	0.852613065327	0.998627858628
palmostatin B	0.22407042049012957		0.291517671518	0.708482328482	0.291517671518	0.998627858628	0.854085213033	0.998627858628
pyrazolanthrone	0.22750958169829708		0.278128898129	0.721871101871	0.278128898129	0.998627858628	0.86805	0.998627858628
PF-184	0.23027169408505913		0.268232848233	0.731767151767	0.268232848233	0.998627858628	0.877755610973	0.998627858628
BRD-K94991378	0.23305244664165184		0.260041580042	0.739958419958	0.260041580042	0.998627858628	0.885373134328	0.998627858628
BMS-754807	0.2346227048989255		0.25525987526	0.74474012474	0.25525987526	0.998627858628	0.88888337469	0.998627858628
erastin	0.23664925697214728		0.249230769231	0.750769230769	0.249230769231	0.998627858628	0.892345679012	0.998627858628
bosutinib	0.23678167110434492		0.248648648649	0.751351351351	0.248648648649	0.998627858628	0.892345679012	0.998627858628
SJ-172550	0.23753192171643908		0.246611226611	0.753388773389	0.246611226611	0.998627858628	0.892561576355	0.998627858628
TGX-221	0.2382421883021566		0.243742203742	0.756257796258	0.243742203742	0.998627858628	0.892794117647	0.998627858628
navitoclax	0.2385235964488836		0.242702702703	0.757297297297	0.242702702703	0.998627858628	0.892794117647	0.998627858628
BRD8899	0.24160707755952066		0.233555093555	0.766444906445	0.233555093555	0.998627858628	0.901369193154	0.998627858628
BRD-K71781559	0.24233745728859085		0.231018711019	0.768981288981	0.231018711019	0.998627858628	0.902146341463	0.998627858628
WAY-362450	0.24375811950258225		0.226403326403	0.773596673597	0.226403326403	0.998627858628	0.903631961259	0.998627858628
bendamustine	0.24405730263092043		0.225571725572	0.774428274428	0.225571725572	0.998627858628	0.903631961259	0.998627858628
NVP-TAE684	0.2444536922175741		0.224116424116	0.775883575884	0.224116424116	0.998627858628	0.903631961259	0.998627858628
pifithrin-alpha	0.24869111685163042		0.210810810811	0.789189189189	0.210810810811	0.998627858628	0.91690821256	0.998627858628
HLI 373	0.24988225643315998		0.206985446985	0.793014553015	0.206985446985	0.998627858628	0.91913253012	0.998627858628
pluripotin	0.2529316562595725		0.198752598753	0.801247401247	0.198752598753	0.998627858628	0.926442307692	0.998627858628
bleomycin A2	0.25478715156408765		0.193180873181	0.806819126819	0.193180873181	0.998627858628	0.930647482014	0.998627858628
BRD-K17060750	0.2571270837134381		0.186444906445	0.813555093555	0.186444906445	0.998627858628	0.935714285714	0.998627858628
BRD-K30019337	0.2584541379384924		0.183367983368	0.816632016632	0.183367983368	0.998627858628	0.935714285714	0.998627858628
ML334 diastereomer	0.25862458898957774		0.182952182952	0.817047817048	0.182952182952	0.998627858628	0.935714285714	0.998627858628
crizotinib	0.26108735749250617		0.17525987526	0.82474012474	0.17525987526	0.998627858628	0.942280285036	0.998627858628
AC55649	0.2636004782719095		0.168440748441	0.831559251559	0.168440748441	0.998627858628	0.945920745921	0.998627858628
cabozantinib	0.26518209730566283		0.163742203742	0.836257796258	0.163742203742	0.998627858628	0.945920745921	0.998627858628
AZD7762	0.2656912212039945		0.162286902287	0.837713097713	0.162286902287	0.998627858628	0.945920745921	0.998627858628
BRD-K41334119	0.26708956619945406		0.15841995842	0.84158004158	0.15841995842	0.998627858628	0.945920745921	0.998627858628
dacarbazine	0.2673010468134452		0.158045738046	0.841954261954	0.158045738046	0.998627858628	0.945920745921	0.998627858628
L-685458	0.2674078650043523		0.157837837838	0.842162162162	0.157837837838	0.998627858628	0.945920745921	0.998627858628
BRD-K11533227	0.267463990865448		0.15762993763	0.84237006237	0.15762993763	0.998627858628	0.945920745921	0.998627858628
BMS-536924	0.2678753674386165		0.156340956341	0.843659043659	0.156340956341	0.998627858628	0.945920745921	0.998627858628
NVP-ADW742	0.26937752691513317		0.151891891892	0.848108108108	0.151891891892	0.998627858628	0.948697674419	0.998627858628
ML312	0.2709002315464334		0.14711018711	0.85288981289	0.14711018711	0.998627858628	0.949284064665	0.998627858628
BRD-K37390332	0.27126393344774646		0.146195426195	0.853804573805	0.146195426195	0.998627858628	0.949284064665	0.998627858628
trifluoperazine	0.2716218700602335		0.145446985447	0.854553014553	0.145446985447	0.998627858628	0.949284064665	0.998627858628
BRD-K09587429	0.27392499342081306		0.138752598753	0.861247401247	0.138752598753	0.998627858628	0.953011494253	0.998627858628
CIL56	0.2742693651008561		0.138128898129	0.861871101871	0.138128898129	0.998627858628	0.953011494253	0.998627858628
sunitinib	0.2761450961028958		0.132972972973	0.867027027027	0.132972972973	0.998627858628	0.956513761468	0.998627858628
IPR-456	0.2779153855752537		0.128565488565	0.871434511435	0.128565488565	0.998627858628	0.958264840183	0.998627858628
BRD-K27986637	0.278376576234864		0.127401247401	0.872598752599	0.127401247401	0.998627858628	0.958264840183	0.998627858628
IC-87114	0.27927408279937593		0.125155925156	0.874844074844	0.125155925156	0.998627858628	0.95854214123	0.998627858628
GSK-3 inhibitor IX	0.2849659027297573		0.112723492723	0.887276507277	0.112723492723	0.998627858628	0.967845804989	0.998627858628
BRD-K27224038	0.2850502035600068		0.11264033264	0.88735966736	0.11264033264	0.998627858628	0.967845804989	0.998627858628
dasatinib	0.2884152681618469		0.103326403326	0.896673596674	0.103326403326	0.998627858628	0.975791855204	0.998627858628
BRD-K90370028	0.2899435554721859		0.100249480249	0.899750519751	0.100249480249	0.998627858628	0.976930022573	0.998627858628
BRD-K84807411	0.2918301537782025		0.0960914760915	0.903908523909	0.0960914760915	0.998627858628	0.979234234234	0.998627858628
semagacestat	0.29303213374109294		0.0929313929314	0.907068607069	0.0929313929314	0.998627858628	0.980449438202	0.998627858628
cyclophosphamide	0.29483392992996094		0.0892723492723	0.910727650728	0.0892723492723	0.998627858628	0.981160714286	0.998627858628
CAY10576	0.2960357404568939		0.0869022869023	0.913097713098	0.0869022869023	0.998627858628	0.981160714286	0.998627858628
BRD-K44224150	0.29646262426207287		0.0861538461538	0.913846153846	0.0861538461538	0.998627858628	0.981160714286	0.998627858628
fumonisin B1	0.30106881190491536		0.0772141372141	0.922785862786	0.0772141372141	0.998627858628	0.987433628319	0.998627858628
BEC	0.30311750059767933		0.0733887733888	0.926611226611	0.0733887733888	0.998627858628	0.987433628319	0.998627858628
BRD-K51831558	0.3038438497845337		0.0725987525988	0.927401247401	0.0725987525988	0.998627858628	0.987433628319	0.998627858628
ML320	0.3041698794587433		0.0720997920998	0.9279002079	0.0720997920998	0.998627858628	0.987433628319	0.998627858628
GDC-0879	0.30533756223094644		0.0694802494802	0.93051975052	0.0694802494802	0.998627858628	0.988035320088	0.998627858628
ABT-737	0.31008441708276585		0.0611226611227	0.938877338877	0.0611226611227	0.998627858628	0.993318681319	0.998627858628
MLN2480	0.31042739793641166		0.0603742203742	0.939625779626	0.0603742203742	0.998627858628	0.993318681319	0.998627858628
foretinib	0.31258291512322456		0.0572141372141	0.942785862786	0.0572141372141	0.998627858628	0.993391684902	0.998627858628
SGX-523	0.3134783833408047		0.0561746361746	0.943825363825	0.0561746361746	0.998627858628	0.993391684902	0.998627858628
PLX-4032	0.31583972281672973		0.0525155925156	0.947484407484	0.0525155925156	0.998627858628	0.995065502183	0.998627858628
BRD-K52037352	0.31839618393427915		0.0494386694387	0.950561330561	0.0494386694387	0.998627858628	0.995659574468	0.998627858628
RO4929097	0.3232865043528758		0.0440332640333	0.955966735967	0.0440332640333	0.962727272727	0.995659574468	0.962727272727
myriocin	0.3250427007380469		0.0417879417879	0.958212058212	0.0417879417879	0.957142857143	0.995659574468	0.957142857143
AT-406	0.32726485554744245	0.11678167432826805	0.0396673596674	0.960332640333	0.0396673596674	0.954	0.995659574468	0.954
BRD-K34485477	0.32851195906103803	0.09717208266694487	0.0385031185031	0.961496881497	0.0385031185031	0.954	0.995659574468	0.954
BRD-A05715709	0.3318462594500934	0.07002344605497869	0.0350935550936	0.964906444906	0.0350935550936	0.937777777778	0.995659574468	0.937777777778
XL765	0.3351390386198474	0.11632433071667049	0.0318918918919	0.968108108108	0.0318918918919	0.902352941176	0.995659574468	0.902352941176
cimetidine	0.33614933111235684	0.10334696279075309	0.0311434511435	0.968856548857	0.0311434511435	0.902352941176	0.995659574468	0.902352941176
selumetinib	0.3366093529763132	0.013717214267392829	0.0307692307692	0.969230769231	0.0307692307692	0.902352941176	0.995659574468	0.902352941176
blebbistatin	0.33896215118890993	0.1040440581804784	0.0288565488565	0.971143451143	0.0288565488565	0.902352941176	0.995659574468	0.902352941176
CBB-1007	0.34157573972795147	0.11594051540569608	0.0272349272349	0.972765072765	0.0272349272349	0.902352941176	0.995659574468	0.902352941176
staurosporine	0.3416886908072759	0.11977795260342396	0.0271101871102	0.97288981289	0.0271101871102	0.902352941176	0.995659574468	0.902352941176
CHIR-99021	0.3468966580465406	0.013938154257930817	0.022577962578	0.977422037422	0.022577962578	0.902352941176	0.997411273486	0.902352941176
PRIMA-1-Met	0.3620394193623519	0.04381035070046538	0.0143451143451	0.985654885655	0.0143451143451	0.69	0.997411273486	0.69
BRD-K42260513	0.3658480231518623	0.1348599972871242	0.012474012474	0.987525987526	0.012474012474	0.666666666667	0.997411273486	0.666666666667
compound 1B	0.3663993399341633	0.11036790229694927	0.0120997920998	0.9879002079	0.0120997920998	0.666666666667	0.997411273486	0.666666666667
BRD-K99006945	0.37309412534055997	0.12916570218347845	0.00927234927235	0.990727650728	0.00927234927235	0.637142857143	0.997411273486	0.637142857143
birinapant	0.3805070155307939	0.11085118950394501	0.00740124740125	0.992598752599	0.00740124740125	0.593333333333	0.997411273486	0.593333333333
CIL55	0.3812758215213282	0.10725499173719291	0.00731808731809	0.992681912682	0.00731808731809	0.593333333333	0.997411273486	0.593333333333
trametinib	0.38369826282735875	0.021293230944409852	0.00711018711019	0.99288981289	0.00711018711019	0.593333333333	0.997411273486	0.593333333333
PD318088	0.3867201699927132	0.016582204065266767	0.00673596673597	0.993264033264	0.00673596673597	0.593333333333	0.997411273486	0.593333333333
PLX-4720	0.39569945571426407	0.013984980174460043	0.00465696465696	0.995343035343	0.00465696465696	0.593333333333	0.997416666667	0.593333333333
dabrafenib	0.4528776312501741	0.018334857555079652	0.00049896049896	0.999501039501	0.00049896049896	0.24	0.999501039501	0.24
