	score	0.95 moe	p-value (forward)	p-value (reverse)	p-value	fdr (forward)	fdr (reverse)	fdr
breast	0.32404619851214744	0.013196635363661153	0.00015384615384615385	1.0	0.00015384615384615385	0.0025	1.0	0.0025
breast.carcinoma.ductal_carcinoma	0.28695498820886745	0.015448924529867058	0.00015384615384615385	1.0	0.00015384615384615385	0.0025	1.0	0.0025
endometrium	0.22948152239705386	0.009953809754581546	0.00015384615384615385	1.0	0.00015384615384615385	0.0025	1.0	0.0025
endometrium.carcinoma.adenocarcinoma	0.2243187859536857	0.009439696921121597	0.00015384615384615385	1.0	0.00015384615384615385	0.0025	1.0	0.0025
ovary	0.22151371335956274	0.011040839587340971	0.00015384615384615385	1.0	0.00015384615384615385	0.0025	1.0	0.0025
carcinoma	0.18069492376933802	0.013499826098997263	0.00015384615384615385	1.0	0.00015384615384615385	0.0025	1.0	0.0025
breast.carcinoma.NS	0.16700775933468429	0.022916679110405905	0.00015384615384615385	1.0	0.00015384615384615385	0.0025	1.0	0.0025
ovary.carcinoma.adenocarcinoma	0.15847203189460807	0.013534472424750208	0.00015384615384615385	1.0	0.00015384615384615385	0.0025	1.0	0.0025
bone.Ewings_sarcoma-peripheral_primitive_neuroectodermal_tumour.NS	0.14605231842794497	0.015591830239385082	0.000461538461538	0.999538461538	0.000461538461538	0.006	1.0	0.006
Ewings_sarcoma_peripheral_primitive_neuroectodermal_tumour	0.14605231842794497	0.015591830239385082	0.000461538461538	0.999538461538	0.000461538461538	0.006	1.0	0.006
lung.carcinoma.non_small_cell_carcinoma	0.1359044109801284	0.008383498036168297	0.002	0.998	0.002	0.0215384615385	1.0	0.0215384615385
rhabdoid_tumour	0.13561035801288987	0.0335677641547416	0.00215384615385	0.997846153846	0.00215384615385	0.0215384615385	1.0	0.0215384615385
soft_tissue.rhabdoid_tumour.NS	0.13561035801288987	0.0335677641547416	0.00215384615385	0.997846153846	0.00215384615385	0.0215384615385	1.0	0.0215384615385
oesophagus	0.1268670052728861	0.04276253009446757	0.00307692307692	0.996923076923	0.00307692307692	0.028	1.0	0.028
oesophagus.carcinoma.squamous_cell_carcinoma	0.1261435703345689	0.04010159384473058	0.00323076923077	0.996769230769	0.00323076923077	0.028	1.0	0.028
ovary.carcinoma.endometrioid_carcinoma	0.11515431280012402	0.027402763117434052	0.00753846153846	0.992461538462	0.00753846153846	0.06125	1.0	0.06125
soft_tissue	0.11136465602957957	0.03475819556404905	0.0101538461538	0.989846153846	0.0101538461538	0.0776470588235	1.0	0.0776470588235
kidney.carcinoma.renal_cell_carcinoma	0.10738262570938362	0.03629878785298805	0.0175384615385	0.982461538462	0.0175384615385	0.126666666667	1.0	0.126666666667
liver	0.10390182220304388	0.024506694704508173	0.0212307692308	0.978769230769	0.0212307692308	0.14	1.0	0.14
prostate.carcinoma.adenocarcinoma	0.10335892946409568	0.02430419295893392	0.0221538461538	0.977846153846	0.0221538461538	0.14	1.0	0.14
liver.carcinoma.hepatocellular_carcinoma	0.10304149216920619		0.0226153846154	0.977384615385	0.0226153846154	0.14	1.0	0.14
ovary.carcinoma.serous_carcinoma	0.09819584635453572		0.0341538461538	0.965846153846	0.0341538461538	0.201818181818	1.0	0.201818181818
prostate	0.0972708213572395		0.0366153846154	0.963384615385	0.0366153846154	0.206956521739	1.0	0.206956521739
soft_tissue.rhabdomyosarcoma.NS	0.09523754002170427		0.0424615384615	0.957538461538	0.0424615384615	0.23	1.0	0.23
ovary.carcinoma.clear_cell_carcinoma	0.09400086582973194		0.0456923076923	0.954307692308	0.0456923076923	0.2376	1.0	0.2376
ovary.carcinoma.NS	0.09144857812976316		0.0546153846154	0.945384615385	0.0546153846154	0.256428571429	1.0	0.256428571429
sarcoma	0.0911661923356627		0.0552307692308	0.944769230769	0.0552307692308	0.256428571429	1.0	0.256428571429
soft_tissue.sarcoma.NS	0.0911661923356627		0.0552307692308	0.944769230769	0.0552307692308	0.256428571429	1.0	0.256428571429
ovary.sex_cord-stromal_tumour.granulosa_cell_tumour	0.08955966229821614		0.0613846153846	0.938615384615	0.0613846153846	0.266	1.0	0.266
sex_cord-stromal_tumour	0.08955966229821614		0.0613846153846	0.938615384615	0.0613846153846	0.266	1.0	0.266
endometrium.carcinoma.NS	0.0817349876568482		0.108615384615	0.891384615385	0.108615384615	0.455483870968	1.0	0.455483870968
breast.carcinoma.metaplastic_carcinoma	0.07847323270503095		0.129538461538	0.870461538462	0.129538461538	0.513939393939	1.0	0.513939393939
endometrium.carcinoma.mixed_adenosquamous_carcinoma	0.07831588997469192		0.130461538462	0.869538461538	0.130461538462	0.513939393939	1.0	0.513939393939
soft_tissue.rhabdomyosarcoma.alveolar	0.07514317039585142		0.163230769231	0.836769230769	0.163230769231	0.624117647059	1.0	0.624117647059
stomach.carcinoma.undifferentiated_adenocarcinoma	0.07459739082694779		0.168923076923	0.831076923077	0.168923076923	0.627428571429	1.0	0.627428571429
lung.carcinoma.NS	0.07011765444802597		0.209230769231	0.790769230769	0.209230769231	0.732340425532	1.0	0.732340425532
central_nervous_system.glioma.oligodendroglioma	0.06952942507273556		0.215692307692	0.784307692308	0.215692307692	0.732340425532	1.0	0.732340425532
endometrium.carcinoma.clear_cell_carcinoma	0.06845210200868046		0.227692307692	0.772307692308	0.227692307692	0.732340425532	1.0	0.732340425532
ovary.carcinoma.mixed_carcinoma	0.06701519114421779		0.241230769231	0.758769230769	0.241230769231	0.732340425532	1.0	0.732340425532
stomach.carcinoma.small_cell_adenocarcinoma	0.06672217102376658		0.244615384615	0.755384615385	0.244615384615	0.732340425532	1.0	0.732340425532
ovary.carcinoma.mucinous_carcinoma	0.06658619820940609		0.245846153846	0.754153846154	0.245846153846	0.732340425532	1.0	0.732340425532
stomach.carcinoma.tubular_adenocarcinoma	0.06589484752825994		0.252	0.748	0.252	0.732340425532	1.0	0.732340425532
central_nervous_system.primitive_neuroectodermal_tumour-medulloblastoma.NS	0.06588480584617873		0.252153846154	0.747846153846	0.252153846154	0.732340425532	1.0	0.732340425532
primitive_neuroectodermal_tumour-medulloblastoma	0.06588480584617873		0.252153846154	0.747846153846	0.252153846154	0.732340425532	1.0	0.732340425532
soft_tissue.leiomyosarcoma.NS	0.06500903251051367		0.262461538462	0.737538461538	0.262461538462	0.732340425532	1.0	0.732340425532
leiomyosarcoma	0.06500903251051367		0.262461538462	0.737538461538	0.262461538462	0.732340425532	1.0	0.732340425532
lung.carcinoma.bronchioloalveolar_adenocarcinoma	0.06485181246732223		0.264769230769	0.735230769231	0.264769230769	0.732340425532	1.0	0.732340425532
ovary.carcinoma.undifferentiated_carcinoma	0.06405782893383942		0.272769230769	0.727230769231	0.272769230769	0.73875	1.0	0.73875
liver.other.hepatoblastoma	0.06261395189538567		0.288923076923	0.711076923077	0.288923076923	0.766530612245	1.0	0.766530612245
stomach.carcinoma.diffuse_adenocarcinoma	0.05890028978988384		0.327846153846	0.672153846154	0.327846153846	0.8524	1.0	0.8524
oesophagus.carcinoma.NS	0.05433610103257165		0.366461538462	0.633538461538	0.366461538462	0.902264150943	1.0	0.902264150943
endometrium.carcinoma.carcinosarcoma-malignant_mesodermal_mixed_tumour	0.05417302908204505		0.367076923077	0.632923076923	0.367076923077	0.902264150943	1.0	0.902264150943
ovary.carcinoma.Brenner_tumour	0.0540383210175492		0.367846153846	0.632153846154	0.367846153846	0.902264150943	1.0	0.902264150943
stomach.carcinoma.signet_ring_adenocarcinoma	0.05198502130274501		0.381846153846	0.618153846154	0.381846153846	0.919259259259	1.0	0.919259259259
rhabdomyosarcoma	0.050735666422095725		0.393846153846	0.606153846154	0.393846153846	0.930909090909	1.0	0.930909090909
liver.carcinoma.adenocarcinoma	-0.04063505425574208		0.458	0.542	0.542	1.0	0.939466666667	0.939466666667
central_nervous_system.glioma.gliosarcoma	-0.040730126758639816		0.460923076923	0.539076923077	0.539076923077	1.0	0.939466666667	0.939466666667
upper_aerodigestive_tract.carcinoma.NS	-0.04080798159483715		0.464307692308	0.535692307692	0.535692307692	1.0	0.939466666667	0.939466666667
thyroid.carcinoma.papillary_carcinoma	-0.04138996672313045		0.476	0.524	0.524	1.0	0.939466666667	0.939466666667
oesophagus.carcinoma.adenocarcinoma	-0.041944793125080114		0.495230769231	0.504769230769	0.504769230769	1.0	0.924225352113	0.924225352113
lung.carcinoma.mucoepidermoid_carcinoma	-0.042614329206628734		0.512923076923	0.487076923077	0.487076923077	1.0	0.904571428571	0.904571428571
lung.carcinoma.undifferentiated_carcinoma	-0.04279120908827576		0.516769230769	0.483230769231	0.483230769231	1.0	0.904571428571	0.904571428571
bone.other.giant_cell_tumour	-0.043058931939646695		0.519692307692	0.480307692308	0.480307692308	1.0	0.904571428571	0.904571428571
lung.carcinoma.mixed_adenosquamous_carcinoma	-0.04410055869870915		0.542769230769	0.457230769231	0.457230769231	1.0	0.887164179104	0.887164179104
prostate.carcinoma.small_cell_carcinoma	-0.04489862491371814		0.561846153846	0.438153846154	0.438153846154	1.0	0.86303030303	0.86303030303
stomach.carcinoma.intestinal_adenocarcinoma	-0.04505879217953802		0.566	0.434	0.434	1.0	0.86303030303	0.86303030303
prostate.carcinoma.NS	-0.045889905041413645		0.584	0.416	0.416	1.0	0.845	0.845
soft_tissue.rhabdomyosarcoma.embryonal	-0.046489324504099226		0.595076923077	0.404923076923	0.404923076923	1.0	0.835555555556	0.835555555556
fibrosarcoma	-0.04653060033646989		0.600923076923	0.399076923077	0.399076923077	1.0	0.835555555556	0.835555555556
soft_tissue.fibrosarcoma.NS	-0.04653060033646989		0.600923076923	0.399076923077	0.399076923077	1.0	0.835555555556	0.835555555556
malignant_fibrous_histiocytoma-pleomorphic_sarcoma	-0.046530677216067136		0.601846153846	0.398153846154	0.398153846154	1.0	0.835555555556	0.835555555556
soft_tissue.malignant_fibrous_histiocytoma-pleomorphic_sarcoma.NS	-0.046530677216067136		0.601846153846	0.398153846154	0.398153846154	1.0	0.835555555556	0.835555555556
bone.chondrosarcoma.dedifferentiated	-0.04674567269259517		0.623846153846	0.376153846154	0.376153846154	1.0	0.835555555556	0.835555555556
carcinoid-endocrine_tumour	-0.0470021723961937		0.639076923077	0.360923076923	0.360923076923	1.0	0.823157894737	0.823157894737
lung.carcinoid-endocrine_tumour.NS	-0.0470021723961937		0.639076923077	0.360923076923	0.360923076923	1.0	0.823157894737	0.823157894737
upper_aerodigestive_tract.other.papilloma	-0.04710059586110642		0.641384615385	0.358615384615	0.358615384615	1.0	0.823157894737	0.823157894737
central_nervous_system.glioma.astrocytoma_Grade_III	-0.04716205200508607		0.644769230769	0.355230769231	0.355230769231	1.0	0.823157894737	0.823157894737
oesophagus.other.metaplasia	-0.047235815773808316		0.65	0.35	0.35	1.0	0.823157894737	0.823157894737
stomach.carcinoma.mixed_adenosquamous_carcinoma	-0.048174573804431325		0.667846153846	0.332153846154	0.332153846154	1.0	0.823157894737	0.823157894737
thyroid.carcinoma.medullary_carcinoma	-0.04841371013620034		0.669846153846	0.330153846154	0.330153846154	1.0	0.823157894737	0.823157894737
stomach	-0.0502676324088097		0.685692307692	0.314307692308	0.314307692308	1.0	0.8172	0.8172
urinary_tract.carcinoma.NS	-0.05242063680007596		0.700461538462	0.299538461538	0.299538461538	1.0	0.794693877551	0.794693877551
thyroid.carcinoma.anaplastic_carcinoma	-0.052912823720260585		0.705076923077	0.294923076923	0.294923076923	1.0	0.794693877551	0.794693877551
bone.chondrosarcoma.NS	-0.05399824259128316		0.716615384615	0.283384615385	0.283384615385	1.0	0.783829787234	0.783829787234
kidney.carcinoma.NS	-0.054362374662015295		0.719230769231	0.280769230769	0.280769230769	1.0	0.783829787234	0.783829787234
stomach.carcinoma.NS	-0.057691055419894305		0.756461538462	0.243538461538	0.243538461538	1.0	0.703555555556	0.703555555556
osteosarcoma	-0.05789459834486433		0.758	0.242	0.242	1.0	0.703555555556	0.703555555556
bone.osteosarcoma.NS	-0.05789459834486433		0.758	0.242	0.242	1.0	0.703555555556	0.703555555556
thyroid.carcinoma.follicular_carcinoma	-0.05841366420031543		0.764923076923	0.235076923077	0.235076923077	1.0	0.703555555556	0.703555555556
biliary_tract	-0.06193333184948899		0.802153846154	0.197846153846	0.197846153846	1.0	0.627317073171	0.627317073171
biliary_tract.carcinoma.NS	-0.06193333184948899		0.802153846154	0.197846153846	0.197846153846	1.0	0.627317073171	0.627317073171
thyroid	-0.0621209946023235		0.804307692308	0.195692307692	0.195692307692	1.0	0.627317073171	0.627317073171
stomach.carcinoma.adenocarcinoma	-0.06248929612285296		0.806153846154	0.193846153846	0.193846153846	1.0	0.627317073171	0.627317073171
central_nervous_system.glioma.astrocytoma	-0.06517035107965831		0.830461538462	0.169538461538	0.169538461538	1.0	0.595675675676	0.595675675676
giant_cell_tumour	-0.06522335827380127		0.830769230769	0.169230769231	0.169230769231	1.0	0.595675675676	0.595675675676
bone.giant_cell_tumour.NS	-0.06522335827380127		0.830769230769	0.169230769231	0.169230769231	1.0	0.595675675676	0.595675675676
kidney.carcinoma.clear_cell_renal_cell_carcinoma	-0.06739776316578557		0.855230769231	0.144769230769	0.144769230769	1.0	0.553529411765	0.553529411765
chondrosarcoma	-0.06847793240768205		0.862615384615	0.137384615385	0.137384615385	1.0	0.541212121212	0.541212121212
other	-0.06904436537241568		0.865846153846	0.134153846154	0.134153846154	1.0	0.541212121212	0.541212121212
lung.carcinoma.large_cell_carcinoma	-0.06961002096737394		0.869076923077	0.130923076923	0.130923076923	1.0	0.541212121212	0.541212121212
pleura.mesothelioma.NS	-0.07381834549402044		0.899230769231	0.100769230769	0.100769230769	1.0	0.436666666667	0.436666666667
mesothelioma	-0.07381834549402044		0.899230769231	0.100769230769	0.100769230769	1.0	0.436666666667	0.436666666667
pleura	-0.07381834549402044		0.899230769231	0.100769230769	0.100769230769	1.0	0.436666666667	0.436666666667
large_intestine.carcinoma.NS	-0.07699557753797305		0.918307692308	0.0816923076923	0.0816923076923	1.0	0.393333333333	0.393333333333
central_nervous_system.glioma.NS	-0.08996398667618888		0.97	0.03	0.03	1.0	0.15	0.15
lung.carcinoma.squamous_cell_carcinoma	-0.10415331375338092		0.990461538462	0.00953846153846	0.00953846153846	1.0	0.0496	0.0496
lung.carcinoma.adenocarcinoma	-0.10576167962829815		0.991384615385	0.00861538461538	0.00861538461538	1.0	0.0466666666667	0.0466666666667
urinary_tract.carcinoma.transitional_cell_carcinoma	-0.10679516435017529		0.992307692308	0.00769230769231	0.00769230769231	1.0	0.0434782608696	0.0434782608696
pancreas.carcinoma.ductal_carcinoma	-0.11218555229890849		0.995692307692	0.00430769230769	0.00430769230769	1.0	0.0254545454545	0.0254545454545
bone	-0.11307287514591217		0.995846153846	0.00415384615385	0.00415384615385	1.0	0.0254545454545	0.0254545454545
urinary_tract	-0.11883317629835152	0.007041126864042376	0.998	0.002	0.002	1.0	0.013	0.013
skin.malignant_melanoma.NS.0	-0.12075023473526285	0.006353124851479118	0.998307692308	0.00169230769231	0.00169230769231	1.0	0.0115789473684	0.0115789473684
upper_aerodigestive_tract.carcinoma.squamous_cell_carcinoma	-0.12490876034759246	0.00623579672873937	0.998769230769	0.00123076923077	0.00123076923077	1.0	0.00888888888889	0.00888888888889
kidney	-0.12603725068267602	0.030297029811494996	0.998769230769	0.00123076923077	0.00123076923077	1.0	0.00888888888889	0.00888888888889
central_nervous_system.glioma.astrocytoma_Grade_IV	-0.12835395836402114	0.009098740998782644	0.998769230769	0.00123076923077	0.00123076923077	1.0	0.00888888888889	0.00888888888889
upper_aerodigestive_tract	-0.13353381493186658	0.005962377337776115	0.999384615385	0.000615384615385	0.000615384615385	1.0	0.00533333333333	0.00533333333333
autonomic_ganglia	-0.13394364019428895	0.035932018540618414	0.999384615385	0.000615384615385	0.000615384615385	1.0	0.00533333333333	0.00533333333333
autonomic_ganglia.neuroblastoma.NS	-0.13394364019428895	0.035932018540618414	0.999384615385	0.000615384615385	0.000615384615385	1.0	0.00533333333333	0.00533333333333
neuroblastoma	-0.13394364019428895	0.035932018540618414	0.999384615385	0.000615384615385	0.000615384615385	1.0	0.00533333333333	0.00533333333333
lung	-0.13473006168014057	0.03596789648283331	0.999384615385	0.000615384615385	0.000615384615385	1.0	0.00533333333333	0.00533333333333
pancreas.carcinoma.NS	-0.13737115573120204	0.007892863700244753	0.999384615385	0.000615384615385	0.000615384615385	1.0	0.00533333333333	0.00533333333333
central_nervous_system	-0.14237094593295443	0.0095021737324876	0.999692307692	0.000307692307692	0.000307692307692	1.0	0.00444444444444	0.00444444444444
large_intestine.carcinoma.adenocarcinoma	-0.14279807437524406	0.010321348947326317	0.999692307692	0.000307692307692	0.000307692307692	1.0	0.00444444444444	0.00444444444444
lung.carcinoma.small_cell_carcinoma	-0.14282652250038094	0.03733564289985471	0.999692307692	0.000307692307692	0.000307692307692	1.0	0.00444444444444	0.00444444444444
large_intestine	-0.1536667733782898	0.008490528080958137	0.999846153846	0.000153846153846	0.000153846153846	1.0	0.003333333333333333	0.003333333333333333
glioma	-0.15757428141142713	0.009997376007259305	0.999846153846	0.000153846153846	0.000153846153846	1.0	0.003333333333333333	0.003333333333333333
pancreas	-0.1705433376309925	0.00847643736213881	1.0	0.00015384615384615385	0.00015384615384615385	1.0	0.003333333333333333	0.003333333333333333
skin.malignant_melanoma.NS.1	-0.18204901468783746	0.007603111184811257	1.0	0.00015384615384615385	0.00015384615384615385	1.0	0.003333333333333333	0.003333333333333333
malignant_melanoma	-0.21668980958575237	0.006741288887520176	1.0	0.00015384615384615385	0.00015384615384615385	1.0	0.003333333333333333	0.003333333333333333
skin	-0.21668980958575237	0.006741288887520176	1.0	0.00015384615384615385	0.00015384615384615385	1.0	0.003333333333333333	0.003333333333333333
