	score	0.95 moe	p-value (forward)	p-value (reverse)	p-value	fdr (forward)	fdr (reverse)	fdr
BRD-K01737880	-0.4043994121804169	0.025292713567831766	0.999417879418	0.000582120582121	0.000582120582121	0.999417879418	0.19	0.19
dasatinib	-0.40169558577414927	0.013435940057471734	0.99920997921	0.000790020790021	0.000790020790021	0.999417879418	0.19	0.19
VX-680	-0.3968688093976588	0.02427377587776607	0.998627858628	0.00137214137214	0.00137214137214	0.999417879418	0.22	0.22
ruxolitinib	-0.3923176059924131	0.010358734381750794	0.998128898129	0.0018711018711	0.0018711018711	0.999417879418	0.225	0.225
neopeltolide	-0.3804527116367049	0.025400998607474096	0.996923076923	0.00307692307692	0.00307692307692	0.999417879418	0.296	0.296
BRD-K13999467	-0.3560880713221037	0.0452611338531325	0.991767151767	0.00823284823285	0.00823284823285	0.999417879418	0.502222222222	0.502222222222
968	-0.35361105724302605	0.06479518930163702	0.990935550936	0.00906444906445	0.00906444906445	0.999417879418	0.502222222222	0.502222222222
isoliquiritigenin	-0.3534913454756844	0.1104071538851685	0.990935550936	0.00906444906445	0.00906444906445	0.999417879418	0.502222222222	0.502222222222
JW-55	-0.35240863628611907	0.10185477267994604	0.990602910603	0.00939708939709	0.00939708939709	0.999417879418	0.502222222222	0.502222222222
YM-155	-0.3442411826817143	0.014797316994663984	0.987442827443	0.0125571725572	0.0125571725572	0.999417879418	0.506923076923	0.506923076923
SGX-523	-0.33947860412448905	0.011113102295436064	0.985114345114	0.0148856548857	0.0148856548857	0.999417879418	0.506923076923	0.506923076923
fluvastatin	-0.33817989532388915	0.013734449888872305	0.984906444906	0.0150935550936	0.0150935550936	0.999417879418	0.506923076923	0.506923076923
birinapant	-0.33742483767775144	0.0702240598769683	0.984449064449	0.0155509355509	0.0155509355509	0.999417879418	0.506923076923	0.506923076923
lovastatin	-0.3358153979466141	0.009243918018662173	0.983742203742	0.0162577962578	0.0162577962578	0.999417879418	0.506923076923	0.506923076923
BRD-K29086754	-0.3331439991173629	0.11281614050007456	0.982245322245	0.0177546777547	0.0177546777547	0.999417879418	0.506923076923	0.506923076923
avicin D	-0.33186002318790553	0.03594981268215584	0.981621621622	0.0183783783784	0.0183783783784	0.999417879418	0.506923076923	0.506923076923
IC-87114	-0.33078847578729575	0.012853759031848485	0.981081081081	0.0189189189189	0.0189189189189	0.999417879418	0.506923076923	0.506923076923
SR1001	-0.3285055705673196	0.04119508485057048	0.979501039501	0.020498960499	0.020498960499	0.999417879418	0.506923076923	0.506923076923
chlorambucil	-0.3228988665113563	0.014514398556224788	0.975426195426	0.0245738045738	0.0245738045738	0.999417879418	0.506923076923	0.506923076923
staurosporine	-0.32160929586265097	0.041274701836384	0.974303534304	0.0256964656965	0.0256964656965	0.999417879418	0.506923076923	0.506923076923
simvastatin	-0.32144966603115116		0.974012474012	0.0259875259875	0.0259875259875	0.999417879418	0.506923076923	0.506923076923
SB-431542	-0.3214269291219312		0.974012474012	0.0259875259875	0.0259875259875	0.999417879418	0.506923076923	0.506923076923
zebularine	-0.3213214564014304		0.973970893971	0.0260291060291	0.0260291060291	0.999417879418	0.506923076923	0.506923076923
IU1	-0.32124136559102856		0.973970893971	0.0260291060291	0.0260291060291	0.999417879418	0.506923076923	0.506923076923
XL765	-0.31949010016651475		0.97264033264	0.0273596673597	0.0273596673597	0.999417879418	0.506923076923	0.506923076923
BRD9647	-0.31943798877821794		0.972598752599	0.0274012474012	0.0274012474012	0.999417879418	0.506923076923	0.506923076923
BMS-195614	-0.31729491856695424		0.971185031185	0.028814968815	0.028814968815	0.999417879418	0.513333333333	0.513333333333
itraconazole	-0.31354171112387086		0.968316008316	0.031683991684	0.031683991684	0.999417879418	0.544285714286	0.544285714286
CIL41	-0.30826826633409604		0.962910602911	0.0370893970894	0.0370893970894	0.999417879418	0.615172413793	0.615172413793
MGCD-265	-0.30555237036990895		0.960083160083	0.0399168399168	0.0399168399168	0.999417879418	0.624090909091	0.624090909091
pazopanib	-0.3045442846722646		0.958918918919	0.0410810810811	0.0410810810811	0.999417879418	0.624090909091	0.624090909091
imatinib	-0.302965038792709		0.957297297297	0.0427027027027	0.0427027027027	0.999417879418	0.624090909091	0.624090909091
QS-11	-0.30245451415653296		0.956632016632	0.043367983368	0.043367983368	0.999417879418	0.624090909091	0.624090909091
NSC48300	-0.30068292251234036		0.953513513514	0.0464864864865	0.0464864864865	0.999417879418	0.624090909091	0.624090909091
CBB-1007	-0.30041125668497887		0.953139293139	0.0468607068607	0.0468607068607	0.999417879418	0.624090909091	0.624090909091
BRD1835	-0.3001880675489512		0.952931392931	0.0470686070686	0.0470686070686	0.999417879418	0.624090909091	0.624090909091
SR8278	-0.29790253761038465		0.950311850312	0.0496881496881	0.0496881496881	0.999417879418	0.624090909091	0.624090909091
BRD-K30748066	-0.29634543364203947		0.948066528067	0.0519334719335	0.0519334719335	0.999417879418	0.624090909091	0.624090909091
tacrolimus	-0.2955435851009699		0.946694386694	0.0533056133056	0.0533056133056	0.999417879418	0.624090909091	0.624090909091
pifithrin-alpha	-0.2944561505079232		0.945363825364	0.0546361746362	0.0546361746362	0.999417879418	0.624090909091	0.624090909091
AT-406	-0.2943854039387693		0.945155925156	0.0548440748441	0.0548440748441	0.999417879418	0.624090909091	0.624090909091
momelotinib	-0.29409772289723285		0.944906444906	0.0550935550936	0.0550935550936	0.999417879418	0.624090909091	0.624090909091
niclosamide	-0.29347743617471395		0.943742203742	0.0562577962578	0.0562577962578	0.999417879418	0.624090909091	0.624090909091
BRD-K49290616	-0.2929184596651853		0.942910602911	0.0570893970894	0.0570893970894	0.999417879418	0.624090909091	0.624090909091
AZD7762	-0.2912817597397858		0.941081081081	0.0589189189189	0.0589189189189	0.999417879418	0.629777777778	0.629777777778
indisulam	-0.2901784840910463		0.939043659044	0.0609563409563	0.0609563409563	0.999417879418	0.631666666667	0.631666666667
ML239	-0.28888073918557544		0.937006237006	0.0629937629938	0.0629937629938	0.999417879418	0.631666666667	0.631666666667
PRIMA-1-Met	-0.2888243335021065		0.936964656965	0.0630353430353	0.0630353430353	0.999417879418	0.631666666667	0.631666666667
lomeguatrib	-0.2841113286150362		0.92893970894	0.0710602910603	0.0710602910603	0.999417879418	0.681724137931	0.681724137931
CAY10576	-0.28335923035360133		0.92711018711	0.0728898128898	0.0728898128898	0.999417879418	0.681724137931	0.681724137931
blebbistatin	-0.2824858552329616		0.925488565489	0.0745114345114	0.0745114345114	0.999417879418	0.681724137931	0.681724137931
CIL56	-0.2809408504255973		0.922411642412	0.0775883575884	0.0775883575884	0.999417879418	0.681724137931	0.681724137931
olaparib	-0.2804402584111816		0.921704781705	0.0782952182952	0.0782952182952	0.999417879418	0.681724137931	0.681724137931
Mdivi-1	-0.2800670461301553		0.921122661123	0.0788773388773	0.0788773388773	0.999417879418	0.681724137931	0.681724137931
brivanib	-0.27959854159425596		0.920166320166	0.0798336798337	0.0798336798337	0.999417879418	0.681724137931	0.681724137931
KU-55933	-0.279058910038299		0.919168399168	0.0808316008316	0.0808316008316	0.999417879418	0.681724137931	0.681724137931
thalidomide	-0.27830893253984806		0.917796257796	0.0822037422037	0.0822037422037	0.999417879418	0.681724137931	0.681724137931
GSK-3 inhibitor IX	-0.27828389462536823		0.917796257796	0.0822037422037	0.0822037422037	0.999417879418	0.681724137931	0.681724137931
etomoxir	-0.2769370275140385		0.914677754678	0.0853222453222	0.0853222453222	0.999417879418	0.695593220339	0.695593220339
erastin	-0.2750670314927733		0.910311850312	0.0896881496881	0.0896881496881	0.999417879418	0.719	0.719
A-804598	-0.27294770669098306		0.905738045738	0.094261954262	0.094261954262	0.999417879418	0.74064516129	0.74064516129
JW-480	-0.27246960152024796		0.904532224532	0.0954677754678	0.0954677754678	0.999417879418	0.74064516129	0.74064516129
BRD-K71781559	-0.2714828840068311		0.902536382536	0.0974636174636	0.0974636174636	0.999417879418	0.740952380952	0.740952380952
tivozanib	-0.27066269502218354		0.900374220374	0.0996257796258	0.0996257796258	0.999417879418	0.740952380952	0.740952380952
tamatinib	-0.267832302038493		0.893471933472	0.106528066528	0.106528066528	0.999417879418	0.740952380952	0.740952380952
azacitidine	-0.26770242805540145		0.893180873181	0.106819126819	0.106819126819	0.999417879418	0.740952380952	0.740952380952
nelarabine	-0.26715575571235		0.891808731809	0.108191268191	0.108191268191	0.999417879418	0.740952380952	0.740952380952
MST-312	-0.26636679341038505		0.889937629938	0.110062370062	0.110062370062	0.999417879418	0.740952380952	0.740952380952
PF-184	-0.2661489026793039		0.889397089397	0.110602910603	0.110602910603	0.999417879418	0.740952380952	0.740952380952
bexarotene	-0.265942186333913		0.888898128898	0.111101871102	0.111101871102	0.999417879418	0.740952380952	0.740952380952
JW-74	-0.26514413277625143		0.887609147609	0.112390852391	0.112390852391	0.999417879418	0.740952380952	0.740952380952
marinopyrrole A	-0.26392850886783675		0.884823284823	0.115176715177	0.115176715177	0.999417879418	0.740952380952	0.740952380952
cediranib	-0.26367494188836194		0.884365904366	0.115634095634	0.115634095634	0.999417879418	0.740952380952	0.740952380952
IPR-456	-0.26269700087011966		0.882037422037	0.117962577963	0.117962577963	0.999417879418	0.740952380952	0.740952380952
ifosfamide	-0.2608669251133981		0.87762993763	0.12237006237	0.12237006237	0.999417879418	0.740952380952	0.740952380952
sorafenib	-0.259472894523019		0.873804573805	0.126195426195	0.126195426195	0.999417879418	0.740952380952	0.740952380952
NPC-26	-0.25911724321976987		0.873097713098	0.126902286902	0.126902286902	0.999417879418	0.740952380952	0.740952380952
BRD-K61166597	-0.2589396709409523		0.872432432432	0.127567567568	0.127567567568	0.999417879418	0.740952380952	0.740952380952
BRD-K02492147	-0.2588703858561409		0.872141372141	0.127858627859	0.127858627859	0.999417879418	0.740952380952	0.740952380952
alisertib	-0.2587049956336983		0.871767151767	0.128232848233	0.128232848233	0.999417879418	0.740952380952	0.740952380952
docetaxel	-0.25831356278246415		0.870727650728	0.129272349272	0.129272349272	0.999417879418	0.740952380952	0.740952380952
CHIR-99021	-0.2571385169628718		0.867401247401	0.132598752599	0.132598752599	0.999417879418	0.740952380952	0.740952380952
myriocin	-0.25711086037187614		0.867318087318	0.132681912682	0.132681912682	0.999417879418	0.740952380952	0.740952380952
necrostatin-1	-0.25631229674392036		0.865031185031	0.134968814969	0.134968814969	0.999417879418	0.740952380952	0.740952380952
saracatinib	-0.25506857401628297		0.861413721414	0.138586278586	0.138586278586	0.999417879418	0.740952380952	0.740952380952
AA-COCF3	-0.2548765004125473		0.860831600832	0.139168399168	0.139168399168	0.999417879418	0.740952380952	0.740952380952
AZD7545	-0.2542781705241781		0.859334719335	0.140665280665	0.140665280665	0.999417879418	0.740952380952	0.740952380952
KW-2449	-0.2538172633005092		0.858295218295	0.141704781705	0.141704781705	0.999417879418	0.740952380952	0.740952380952
foretinib	-0.25181080665741706		0.852266112266	0.147733887734	0.147733887734	0.999417879418	0.740952380952	0.740952380952
SID 26681509	-0.25105199656179034		0.850893970894	0.149106029106	0.149106029106	0.999417879418	0.740952380952	0.740952380952
veliparib	-0.2505957663480992		0.849688149688	0.150311850312	0.150311850312	0.999417879418	0.740952380952	0.740952380952
BRD-K34099515	-0.2503306266896946		0.849272349272	0.150727650728	0.150727650728	0.999417879418	0.740952380952	0.740952380952
SU11274	-0.2499015528374961		0.8479002079	0.1520997921	0.1520997921	0.999417879418	0.740952380952	0.740952380952
clofarabine	-0.24963254813609032		0.847234927235	0.152765072765	0.152765072765	0.999417879418	0.740952380952	0.740952380952
BRD-K17060750	-0.24898874155289002		0.845571725572	0.154428274428	0.154428274428	0.999417879418	0.740952380952	0.740952380952
NSC 74859	-0.2481930689188862		0.843118503119	0.156881496881	0.156881496881	0.999417879418	0.740952380952	0.740952380952
erismodegib	-0.24780501206986363		0.842120582121	0.157879417879	0.157879417879	0.999417879418	0.740952380952	0.740952380952
ML162	-0.24776094610666075		0.842037422037	0.157962577963	0.157962577963	0.999417879418	0.740952380952	0.740952380952
AC55649	-0.24763434089507827		0.841455301455	0.158544698545	0.158544698545	0.999417879418	0.740952380952	0.740952380952
ML312	-0.24727912939738225		0.840041580042	0.159958419958	0.159958419958	0.999417879418	0.740952380952	0.740952380952
SKI-II	-0.24704410614478542		0.839417879418	0.160582120582	0.160582120582	0.999417879418	0.740952380952	0.740952380952
BRD-K51831558	-0.24693473570024146		0.83896049896	0.16103950104	0.16103950104	0.999417879418	0.740952380952	0.740952380952
BRD-K50799972	-0.24686225314384383		0.838711018711	0.161288981289	0.161288981289	0.999417879418	0.740952380952	0.740952380952
cabozantinib	-0.24670893739161917		0.838295218295	0.161704781705	0.161704781705	0.999417879418	0.740952380952	0.740952380952
fumonisin B1	-0.24667084730153044		0.838253638254	0.161746361746	0.161746361746	0.999417879418	0.740952380952	0.740952380952
PHA-793887	-0.24544430067546036		0.834553014553	0.165446985447	0.165446985447	0.999417879418	0.741607142857	0.741607142857
procarbazine	-0.24393722462206546		0.830311850312	0.169688149688	0.169688149688	0.999417879418	0.741607142857	0.741607142857
dacarbazine	-0.2438421053386391		0.830103950104	0.169896049896	0.169896049896	0.999417879418	0.741607142857	0.741607142857
sitagliptin	-0.24360382569422917		0.829272349272	0.170727650728	0.170727650728	0.999417879418	0.741607142857	0.741607142857
pevonedistat	-0.24340057083941763		0.82869022869	0.17130977131	0.17130977131	0.999417879418	0.741607142857	0.741607142857
TGX-221	-0.24325360556494705		0.828274428274	0.171725571726	0.171725571726	0.999417879418	0.741607142857	0.741607142857
MK-1775	-0.24292389508339934		0.827318087318	0.172681912682	0.172681912682	0.999417879418	0.741607142857	0.741607142857
isonicotinohydroxamic acid	-0.24150807295565788		0.824074844075	0.175925155925	0.175925155925	0.999417879418	0.743304347826	0.743304347826
GSK461364	-0.24121466090200097		0.823118503119	0.176881496881	0.176881496881	0.999417879418	0.743304347826	0.743304347826
hyperforin	-0.24079096048663062		0.822286902287	0.177713097713	0.177713097713	0.999417879418	0.743304347826	0.743304347826
methotrexate	-0.24019766566672177		0.82	0.18	0.18	0.999417879418	0.746379310345	0.746379310345
manumycin A	-0.23945807165338504		0.817713097713	0.182286902287	0.182286902287	0.999417879418	0.749401709402	0.749401709402
lenvatinib	-0.23773547688845023		0.812723492723	0.187276507277	0.187276507277	0.999417879418	0.753719008264	0.753719008264
linifanib	-0.2375880154424282		0.812474012474	0.187525987526	0.187525987526	0.999417879418	0.753719008264	0.753719008264
cytochalasin B	-0.237024863762989		0.810852390852	0.189147609148	0.189147609148	0.999417879418	0.753719008264	0.753719008264
ML006	-0.23682479741552118		0.810395010395	0.189604989605	0.189604989605	0.999417879418	0.753719008264	0.753719008264
spautin-1	-0.2345798562050653		0.803700623701	0.196299376299	0.196299376299	0.999417879418	0.756691729323	0.756691729323
ML258	-0.23453946020442565		0.803575883576	0.196424116424	0.196424116424	0.999417879418	0.756691729323	0.756691729323
PRL-3 inhibitor I	-0.23428803562792297		0.802785862786	0.197214137214	0.197214137214	0.999417879418	0.756691729323	0.756691729323
LE-135	-0.23330403883093367		0.799916839917	0.200083160083	0.200083160083	0.999417879418	0.756691729323	0.756691729323
betulinic acid	-0.23312062796740682		0.799293139293	0.200706860707	0.200706860707	0.999417879418	0.756691729323	0.756691729323
ML311	-0.2330153088068457		0.798877338877	0.201122661123	0.201122661123	0.999417879418	0.756691729323	0.756691729323
GSK-J4	-0.23232862994774023		0.796465696466	0.203534303534	0.203534303534	0.999417879418	0.756691729323	0.756691729323
BRD-K55116708	-0.23204397372753363		0.795550935551	0.204449064449	0.204449064449	0.999417879418	0.756691729323	0.756691729323
bendamustine	-0.2312404166944138		0.79343035343	0.20656964657	0.20656964657	0.999417879418	0.756691729323	0.756691729323
STF-31	-0.23080477610180494		0.791891891892	0.208108108108	0.208108108108	0.999417879418	0.756691729323	0.756691729323
COL-3	-0.23059170190863126		0.790769230769	0.209230769231	0.209230769231	0.999417879418	0.756691729323	0.756691729323
bleomycin A2	-0.23057824121279558		0.790769230769	0.209230769231	0.209230769231	0.999417879418	0.756691729323	0.756691729323
BRD-K37390332	-0.22821856200016546		0.782411642412	0.217588357588	0.217588357588	0.999417879418	0.773866666667	0.773866666667
VU0155056	-0.22747497754893825		0.779584199584	0.220415800416	0.220415800416	0.999417879418	0.773866666667	0.773866666667
KU-0063794	-0.22646981031644942		0.775883575884	0.224116424116	0.224116424116	0.999417879418	0.773866666667	0.773866666667
teniposide	-0.22621500624359447		0.774968814969	0.225031185031	0.225031185031	0.999417879418	0.773866666667	0.773866666667
leptomycin B	-0.22615523877664412		0.774885654886	0.225114345114	0.225114345114	0.999417879418	0.773866666667	0.773866666667
pyrazolanthrone	-0.22593821389837676		0.774261954262	0.225738045738	0.225738045738	0.999417879418	0.773866666667	0.773866666667
VER-155008	-0.2257511382328639		0.773596673597	0.226403326403	0.226403326403	0.999417879418	0.773866666667	0.773866666667
cyanoquinoline 11	-0.22500107539182565		0.77130977131	0.22869022869	0.22869022869	0.999417879418	0.773866666667	0.773866666667
CAL-101	-0.22398309952128462		0.76735966736	0.23264033264	0.23264033264	0.999417879418	0.773866666667	0.773866666667
OSI-930	-0.2239543654256029		0.76735966736	0.23264033264	0.23264033264	0.999417879418	0.773866666667	0.773866666667
bosutinib	-0.22389635857914894		0.767068607069	0.232931392931	0.232931392931	0.999417879418	0.773866666667	0.773866666667
TPCA-1	-0.22345154693405728		0.765696465696	0.234303534304	0.234303534304	0.999417879418	0.773866666667	0.773866666667
cytarabine hydrochloride	-0.22247801806952705		0.762536382536	0.237463617464	0.237463617464	0.999417879418	0.773866666667	0.773866666667
C6-ceramide	-0.22197178943555074		0.760997920998	0.239002079002	0.239002079002	0.999417879418	0.773866666667	0.773866666667
KU-60019	-0.2216352817225751		0.76	0.24	0.24	0.999417879418	0.773866666667	0.773866666667
ML320	-0.22138888658162073		0.759126819127	0.240873180873	0.240873180873	0.999417879418	0.773866666667	0.773866666667
LY-2183240	-0.22129000674545396		0.758669438669	0.241330561331	0.241330561331	0.999417879418	0.773866666667	0.773866666667
BRD-K97651142	-0.22065670958239175		0.756299376299	0.243700623701	0.243700623701	0.999417879418	0.774444444444	0.774444444444
Ki8751	-0.21978825101158572		0.75343035343	0.24656964657	0.24656964657	0.999417879418	0.774444444444	0.774444444444
FQI-1	-0.21895004235610463		0.750395010395	0.249604989605	0.249604989605	0.999417879418	0.774444444444	0.774444444444
triptolide	-0.21869915890507277		0.749521829522	0.250478170478	0.250478170478	0.999417879418	0.774444444444	0.774444444444
axitinib	-0.21671450228243674		0.743118503119	0.256881496881	0.256881496881	0.999417879418	0.774444444444	0.774444444444
PF-573228	-0.21634410835529702		0.742037422037	0.257962577963	0.257962577963	0.999417879418	0.774444444444	0.774444444444
CID-5951923	-0.21629932947366282		0.74182952183	0.25817047817	0.25817047817	0.999417879418	0.774444444444	0.774444444444
BI-2536	-0.21626972586434953		0.741746361746	0.258253638254	0.258253638254	0.999417879418	0.774444444444	0.774444444444
BRD-K66532283	-0.21610946116382726		0.740997920998	0.259002079002	0.259002079002	0.999417879418	0.774444444444	0.774444444444
SN-38	-0.21581396416532778		0.740124740125	0.259875259875	0.259875259875	0.999417879418	0.774444444444	0.774444444444
NSC632839	-0.21558286175799482		0.739625779626	0.260374220374	0.260374220374	0.999417879418	0.774444444444	0.774444444444
PF-750	-0.21548019570964125		0.739168399168	0.260831600832	0.260831600832	0.999417879418	0.774444444444	0.774444444444
GMX-1778	-0.21496275434441595		0.737006237006	0.262993762994	0.262993762994	0.999417879418	0.776073619632	0.776073619632
CR-1-31B	-0.21328693570383792		0.730353430353	0.269646569647	0.269646569647	0.999417879418	0.785301204819	0.785301204819
etoposide	-0.21271930827363222		0.728981288981	0.271018711019	0.271018711019	0.999417879418	0.785301204819	0.785301204819
silmitasertib	-0.2127140918445289		0.728981288981	0.271018711019	0.271018711019	0.999417879418	0.785301204819	0.785301204819
ML334 diastereomer	-0.211161682601231		0.723492723493	0.276507276507	0.276507276507	0.999417879418	0.796407185629	0.796407185629
Merck60	-0.20950433649784123		0.71738045738	0.28261954262	0.28261954262	0.999417879418	0.805680473373	0.805680473373
sunitinib	-0.20938718418930483		0.716923076923	0.283076923077	0.283076923077	0.999417879418	0.805680473373	0.805680473373
gossypol	-0.20810925127095323		0.712266112266	0.287733887734	0.287733887734	0.999417879418	0.808323699422	0.808323699422
VAF-347	-0.20765281061407512		0.71027027027	0.28972972973	0.28972972973	0.999417879418	0.808323699422	0.808323699422
phloretin	-0.2074890026533682		0.709355509356	0.290644490644	0.290644490644	0.999417879418	0.808323699422	0.808323699422
pluripotin	-0.20743233614040918		0.709272349272	0.290727650728	0.290727650728	0.999417879418	0.808323699422	0.808323699422
tanespimycin	-0.20612830957468353		0.704407484407	0.295592515593	0.295592515593	0.999417879418	0.815085714286	0.815085714286
tigecycline	-0.20584690592610388		0.703451143451	0.296548856549	0.296548856549	0.999417879418	0.815085714286	0.815085714286
AM-580	-0.20498377426534312		0.700748440748	0.299251559252	0.299251559252	0.999417879418	0.815168539326	0.815168539326
BRD4132	-0.20450480284613493		0.698835758836	0.301164241164	0.301164241164	0.999417879418	0.815168539326	0.815168539326
BEC	-0.20435557153904618		0.698336798337	0.301663201663	0.301663201663	0.999417879418	0.815168539326	0.815168539326
ML210	-0.2018667736579267		0.68893970894	0.31106029106	0.31106029106	0.999417879418	0.835690607735	0.835690607735
tivantinib	-0.2013015711992464		0.686985446985	0.313014553015	0.313014553015	0.999417879418	0.835690607735	0.835690607735
TG-101348	-0.20091557205076865		0.68553014553	0.31446985447	0.31446985447	0.999417879418	0.835690607735	0.835690607735
BMS-536924	-0.20034442694496943		0.682993762994	0.317006237006	0.317006237006	0.999417879418	0.837802197802	0.837802197802
BRD-K63431240	-0.19962597837661478		0.680249480249	0.319750519751	0.319750519751	0.999417879418	0.840216216216	0.840216216216
BRD-K48334597	-0.19896316854634197		0.677796257796	0.322203742204	0.322203742204	0.999417879418	0.840216216216	0.840216216216
SR-II-138A	-0.19870506821433645		0.67683991684	0.32316008316	0.32316008316	0.999417879418	0.840216216216	0.840216216216
narciclasine	-0.1976847571981725		0.671975051975	0.328024948025	0.328024948025	0.999417879418	0.844042553191	0.844042553191
AT13387	-0.19744003380837416		0.670769230769	0.329230769231	0.329230769231	0.999417879418	0.844042553191	0.844042553191
bardoxolone methyl	-0.19729313661264017		0.670103950104	0.329896049896	0.329896049896	0.999417879418	0.844042553191	0.844042553191
CAY10618	-0.19630437978926646		0.665862785863	0.334137214137	0.334137214137	0.999417879418	0.848497409326	0.848497409326
1S,3R-RSL-3	-0.19591394734367001		0.664365904366	0.335634095634	0.335634095634	0.999417879418	0.848497409326	0.848497409326
nintedanib	-0.19548684833882093		0.662411642412	0.337588357588	0.337588357588	0.999417879418	0.848497409326	0.848497409326
BIBR-1532	-0.19516230871894727		0.661247401247	0.338752598753	0.338752598753	0.999417879418	0.848497409326	0.848497409326
BRD-K66453893	-0.19484005652997344		0.659542619543	0.340457380457	0.340457380457	0.999417879418	0.848497409326	0.848497409326
quizartinib	-0.19443807277526737		0.657754677755	0.342245322245	0.342245322245	0.999417879418	0.848556701031	0.848556701031
3-Cl-AHPC	-0.1938467567852633		0.655717255717	0.344282744283	0.344282744283	0.999417879418	0.849183673469	0.849183673469
topotecan	-0.19342947048774772		0.653970893971	0.346029106029	0.346029106029	0.999417879418	0.849183673469	0.849183673469
NVP-231	-0.19170584998171547		0.64735966736	0.35264033264	0.35264033264	0.999417879418	0.850926829268	0.850926829268
BRD-K35604418	-0.191680429547016		0.647318087318	0.352681912682	0.352681912682	0.999417879418	0.850926829268	0.850926829268
vorapaxar	-0.19126570077356156		0.645613305613	0.354386694387	0.354386694387	0.999417879418	0.850926829268	0.850926829268
QW-BI-011	-0.19123646695541252		0.645280665281	0.354719334719	0.354719334719	0.999417879418	0.850926829268	0.850926829268
triazolothiadiazine	-0.19070747860065182		0.643243243243	0.356756756757	0.356756756757	0.999417879418	0.850926829268	0.850926829268
ML031	-0.19016966334929702		0.641247401247	0.358752598753	0.358752598753	0.999417879418	0.850926829268	0.850926829268
isoevodiamine	-0.1900381985354463		0.640873180873	0.359126819127	0.359126819127	0.999417879418	0.850926829268	0.850926829268
CD-1530	-0.18930732308682643		0.63817047817	0.36182952183	0.36182952183	0.999417879418	0.850926829268	0.850926829268
curcumin	-0.18914601859181668		0.637338877339	0.362661122661	0.362661122661	0.999417879418	0.850926829268	0.850926829268
N9-isopropylolomoucine	-0.18733526612426035		0.629812889813	0.370187110187	0.370187110187	0.999417879418	0.852	0.852
ceranib-2	-0.18690226619852576		0.627775467775	0.372224532225	0.372224532225	0.999417879418	0.852	0.852
rigosertib	-0.18503879696489023		0.620124740125	0.379875259875	0.379875259875	0.999417879418	0.852	0.852
WP1130	-0.18477836017173088		0.619293139293	0.380706860707	0.380706860707	0.999417879418	0.852	0.852
NVP-BEZ235	-0.18449802289527145		0.618045738046	0.381954261954	0.381954261954	0.999417879418	0.852	0.852
salermide	-0.18435893638769424		0.617297297297	0.382702702703	0.382702702703	0.999417879418	0.852	0.852
FQI-2	-0.1842733352427769		0.616964656965	0.383035343035	0.383035343035	0.999417879418	0.852	0.852
AZ-3146	-0.1841076405289795		0.616174636175	0.383825363825	0.383825363825	0.999417879418	0.852	0.852
SB-225002	-0.18394970823367046		0.615634095634	0.384365904366	0.384365904366	0.999417879418	0.852	0.852
MG-132	-0.18376980183068745		0.614968814969	0.385031185031	0.385031185031	0.999417879418	0.852	0.852
nakiterpiosin	-0.183692362107802		0.614677754678	0.385322245322	0.385322245322	0.999417879418	0.852	0.852
paclitaxel	-0.1836785167566829		0.614636174636	0.385363825364	0.385363825364	0.999417879418	0.852	0.852
dexamethasone	-0.18303039501001075		0.612390852391	0.387609147609	0.387609147609	0.999417879418	0.852	0.852
regorafenib	-0.1826108629652552		0.610686070686	0.389313929314	0.389313929314	0.999417879418	0.852	0.852
SNX-2112	-0.1824794337837426		0.610311850312	0.389688149688	0.389688149688	0.999417879418	0.852	0.852
RAF265	-0.18143707520892588		0.606278586279	0.393721413721	0.393721413721	0.999417879418	0.856923076923	0.856923076923
ouabain	-0.17974942878026248		0.599667359667	0.400332640333	0.400332640333	0.999417879418	0.867387387387	0.867387387387
temsirolimus	-0.17850858142742226		0.594927234927	0.405072765073	0.405072765073	0.999417879418	0.873721973094	0.873721973094
YK 4-279	-0.17718029554588724		0.589812889813	0.410187110187	0.410187110187	0.999417879418	0.877489539749	0.877489539749
CI-976	-0.17642575701450608		0.586652806653	0.413347193347	0.413347193347	0.999417879418	0.877489539749	0.877489539749
BRD8958	-0.17597993710810877		0.585114345114	0.414885654886	0.414885654886	0.999417879418	0.877489539749	0.877489539749
B02	-0.17587790414145965		0.584948024948	0.415051975052	0.415051975052	0.999417879418	0.877489539749	0.877489539749
KPT185	-0.17479888576042096		0.580665280665	0.419334719335	0.419334719335	0.999417879418	0.877489539749	0.877489539749
BRD-K09344309	-0.17369066048972653		0.577588357588	0.422411642412	0.422411642412	0.999417879418	0.877489539749	0.877489539749
BRD9876	-0.17311668489044627		0.575966735967	0.424033264033	0.424033264033	0.999417879418	0.877489539749	0.877489539749
myricetin	-0.17287682209004374		0.575135135135	0.424864864865	0.424864864865	0.999417879418	0.877489539749	0.877489539749
PIK-93	-0.17286338202273696		0.575051975052	0.424948024948	0.424948024948	0.999417879418	0.877489539749	0.877489539749
CD-437	-0.17176722732680821		0.571143451143	0.428856548857	0.428856548857	0.999417879418	0.877489539749	0.877489539749
BRD-K70511574	-0.1713153134672467		0.569646569647	0.430353430353	0.430353430353	0.999417879418	0.877489539749	0.877489539749
alvocidib	-0.17117641715942705		0.569064449064	0.430935550936	0.430935550936	0.999417879418	0.877489539749	0.877489539749
ETP-46464	-0.17078239431456615		0.567858627859	0.432141372141	0.432141372141	0.999417879418	0.877489539749	0.877489539749
TW-37	-0.17065263644090672		0.567484407484	0.432515592516	0.432515592516	0.999417879418	0.877489539749	0.877489539749
mitomycin	-0.17004631639329512		0.565405405405	0.434594594595	0.434594594595	0.999417879418	0.877489539749	0.877489539749
GSK2636771	-0.16967486231269502		0.563991683992	0.436008316008	0.436008316008	0.999417879418	0.877489539749	0.877489539749
R428	-0.16889778720298831		0.561288981289	0.438711018711	0.438711018711	0.999417879418	0.87925	0.87925
OSI-027	-0.167957223909679		0.558295218295	0.441704781705	0.441704781705	0.999417879418	0.881576763485	0.881576763485
AZD8055	-0.16569703249843784		0.551683991684	0.448316008316	0.448316008316	0.999417879418	0.888641975309	0.888641975309
GSK1059615	-0.1654931043319185		0.55106029106	0.44893970894	0.44893970894	0.999417879418	0.888641975309	0.888641975309
KX2-391	-0.16424382695323494		0.546985446985	0.453014553015	0.453014553015	0.999417879418	0.89028340081	0.89028340081
AT7867	-0.1637128737042276		0.545405405405	0.454594594595	0.454594594595	0.999417879418	0.89028340081	0.89028340081
sirolimus	-0.16336628195979921		0.544573804574	0.455426195426	0.455426195426	0.999417879418	0.89028340081	0.89028340081
GW-843682X	-0.16274326312125917		0.542827442827	0.457172557173	0.457172557173	0.999417879418	0.89028340081	0.89028340081
MLN2238	-0.1619769930962575		0.540706860707	0.459293139293	0.459293139293	0.999417879418	0.890806451613	0.890806451613
parbendazole	-0.16069426050525226		0.536673596674	0.463326403326	0.463326403326	0.999417879418	0.895020080321	0.895020080321
PI-103	-0.15874534910508367		0.531683991684	0.468316008316	0.468316008316	0.999417879418	0.898247011952	0.898247011952
omacetaxine mepesuccinate	-0.15852672756586164		0.531268191268	0.468731808732	0.468731808732	0.999417879418	0.898247011952	0.898247011952
daporinad	-0.1456679338671769		0.502910602911	0.497089397089	0.497089397089	0.999417879418	0.947799227799	0.947799227799
CHM-1	-0.1426739077041081		0.498128898129	0.501871101871	0.501871101871	0.999417879418	0.947799227799	0.947799227799
PF-3758309	-0.14159558271628583		0.49659043659	0.50340956341	0.50340956341	0.999417879418	0.947799227799	0.947799227799
valdecoxib	-0.13982931060716133		0.494428274428	0.505571725572	0.505571725572	0.999417879418	0.947799227799	0.947799227799
obatoclax	-0.13794958343204547		0.492141372141	0.507858627859	0.507858627859	0.999417879418	0.947799227799	0.947799227799
vincristine	-0.13762070192731335		0.491683991684	0.508316008316	0.508316008316	0.999417879418	0.947799227799	0.947799227799
gemcitabine	-0.136536823119576		0.490561330561	0.509438669439	0.509438669439	0.999417879418	0.947799227799	0.947799227799
oligomycin A	-0.1356108109392757		0.489646569647	0.510353430353	0.510353430353	0.999417879418	0.947799227799	0.947799227799
SB-743921	-0.10603016564818595		0.476632016632	0.523367983368	0.523367983368	0.999417879418	0.968230769231	0.968230769231
doxorubicin	0.14030055737176067		0.459501039501	0.540498960499	0.459501039501	0.999417879418	0.996091954023	0.999417879418
abiraterone	0.14705021615364539		0.450977130977	0.549022869023	0.450977130977	0.986	1.0	0.986
dinaciclib	0.149874365048942		0.445197505198	0.554802494802	0.445197505198	0.977808219178	1.0	0.977808219178
BRD-K34222889	0.15011953648783385		0.444656964657	0.555343035343	0.444656964657	0.977808219178	1.0	0.977808219178
JQ-1	0.15089573146986346		0.44316008316	0.55683991684	0.44316008316	0.977808219178	1.0	0.977808219178
StemRegenin 1	0.15419260142112393		0.437920997921	0.562079002079	0.437920997921	0.975185185185	1.0	0.975185185185
BRD-A86708339	0.15697061134766677		0.432432432432	0.567567567568	0.432432432432	0.967441860465	1.0	0.967441860465
SNS-032	0.15949640961458117		0.426735966736	0.573264033264	0.426735966736	0.959158878505	1.0	0.959158878505
EX-527	0.16031884679354347		0.424449064449	0.575550935551	0.424449064449	0.958497652582	1.0	0.958497652582
SMER-3	0.16174502436931482		0.419916839917	0.580083160083	0.419916839917	0.952735849057	1.0	0.952735849057
ZSTK474	0.16271832488119772		0.417505197505	0.582494802495	0.417505197505	0.951753554502	1.0	0.951753554502
methylstat	0.16595403279537405		0.408607068607	0.591392931393	0.408607068607	0.935904761905	1.0	0.935904761905
piperlongumine	0.16898079193029844		0.400124740125	0.599875259875	0.400124740125	0.920861244019	1.0	0.920861244019
GW-405833	0.17031139820327545		0.396424116424	0.603575883576	0.396424116424	0.916730769231	1.0	0.916730769231
NVP-BSK805	0.17218173525078953		0.390686070686	0.609313929314	0.390686070686	0.907826086957	1.0	0.907826086957
cerulenin	0.17418308244221967		0.384158004158	0.615841995842	0.384158004158	0.896990291262	1.0	0.896990291262
BRD-K71935468	0.17430241469193408		0.383783783784	0.616216216216	0.383783783784	0.896990291262	1.0	0.896990291262
AZD6482	0.17476255528092807		0.382494802495	0.617505197505	0.382494802495	0.896990291262	1.0	0.896990291262
bortezomib	0.17627059734350142		0.377588357588	0.622411642412	0.377588357588	0.894679802956	1.0	0.894679802956
KHS101	0.1782915431610696		0.370935550936	0.629064449064	0.370935550936	0.883267326733	1.0	0.883267326733
bafilomycin A1	0.1786742751413738		0.369230769231	0.630769230769	0.369230769231	0.883267326733	1.0	0.883267326733
BRD-K78574327	0.18352867258073022		0.353513513514	0.646486486486	0.353513513514	0.8502	1.0	0.8502
BRD1812	0.18356240473789082		0.353305613306	0.646694386694	0.353305613306	0.8502	1.0	0.8502
DBeQ	0.18648236488771724		0.343243243243	0.656756756757	0.343243243243	0.833838383838	1.0	0.833838383838
BMS-345541	0.18749857758364494		0.339708939709	0.660291060291	0.339708939709	0.829441624365	1.0	0.829441624365
PAC-1	0.18847693469170224		0.336382536383	0.663617463617	0.336382536383	0.825510204082	1.0	0.825510204082
GSK4112	0.1898313372373854		0.332058212058	0.667941787942	0.332058212058	0.819076923077	1.0	0.819076923077
UNC0321	0.1899366700287495		0.331725571726	0.668274428274	0.331725571726	0.819076923077	1.0	0.819076923077
I-BET151	0.19152729809362184		0.326652806653	0.673347193347	0.326652806653	0.814093264249	1.0	0.814093264249
SCH-79797	0.19221537542176637		0.324449064449	0.675550935551	0.324449064449	0.8128125	1.0	0.8128125
ciclopirox	0.1931473064927681		0.321330561331	0.678669438669	0.321330561331	0.809214659686	1.0	0.809214659686
cucurbitacin I	0.19519016172719528		0.314261954262	0.685738045738	0.314261954262	0.795578947368	1.0	0.795578947368
SB-525334	0.19541105218048002		0.313513513514	0.686486486486	0.313513513514	0.795578947368	1.0	0.795578947368
necrosulfonamide	0.19563447492810632		0.313056133056	0.686943866944	0.313056133056	0.795578947368	1.0	0.795578947368
MK-0752	0.1961783317279997		0.311268191268	0.688731808732	0.311268191268	0.795578947368	1.0	0.795578947368
palmostatin B	0.19630232344766171		0.310686070686	0.689313929314	0.310686070686	0.795578947368	1.0	0.795578947368
tipifarnib-P2	0.19974982680287956		0.299417879418	0.700582120582	0.299417879418	0.778486486486	1.0	0.778486486486
KU 0060648	0.199947500228598		0.29841995842	0.70158004158	0.29841995842	0.778486486486	1.0	0.778486486486
BRD-K64610608	0.2020716395917526		0.291725571726	0.708274428274	0.291725571726	0.766775956284	1.0	0.766775956284
fluorouracil	0.2025378944579432		0.290145530146	0.709854469854	0.290145530146	0.766775956284	1.0	0.766775956284
CIL55A	0.20486704813477183		0.28103950104	0.71896049896	0.28103950104	0.746850828729	1.0	0.746850828729
GDC-0941	0.20522265931660974		0.279667359667	0.720332640333	0.279667359667	0.746850828729	1.0	0.746850828729
BRD-K30019337	0.2077244277328305		0.271517671518	0.728482328482	0.271517671518	0.729608938547	1.0	0.729608938547
SRT-1720	0.2082763842861766		0.269854469854	0.730145530146	0.269854469854	0.729213483146	1.0	0.729213483146
decitabine	0.21016332523692163		0.26261954262	0.73738045738	0.26261954262	0.713672316384	1.0	0.713672316384
BRD-K84807411	0.21092736377450844		0.260374220374	0.739625779626	0.260374220374	0.711590909091	1.0	0.711590909091
brefeldin A	0.21185990760988102		0.25738045738	0.74261954262	0.25738045738	0.707428571429	1.0	0.707428571429
HBX-41108	0.2119945747075522		0.257047817048	0.742952182952	0.257047817048	0.707428571429	1.0	0.707428571429
Ch-55	0.2120176440719098		0.256881496881	0.743118503119	0.256881496881	0.707428571429	1.0	0.707428571429
parthenolide	0.21330514078960455		0.25185031185	0.74814968815	0.25185031185	0.704302325581	1.0	0.704302325581
BIRB-796	0.2163735763384481		0.24237006237	0.75762993763	0.24237006237	0.681754385965	1.0	0.681754385965
Ko-143	0.2174328699494762		0.238295218295	0.761704781705	0.238295218295	0.674235294118	1.0	0.674235294118
purmorphamine	0.2182059166774013		0.235883575884	0.764116424116	0.235883575884	0.671360946746	1.0	0.671360946746
masitinib	0.21854617739114618		0.234553014553	0.765446985447	0.234553014553	0.671360946746	1.0	0.671360946746
BRD-K27986637	0.22046495150268253		0.227442827443	0.772557172557	0.227442827443	0.655089820359	1.0	0.655089820359
tosedostat	0.22112606067785695		0.225072765073	0.774927234927	0.225072765073	0.652168674699	1.0	0.652168674699
ciclosporin	0.2227984485710312		0.220207900208	0.779792099792	0.220207900208	0.641939393939	1.0	0.641939393939
importazole	0.2232052265033685		0.219002079002	0.780997920998	0.219002079002	0.641939393939	1.0	0.641939393939
PL-DI	0.22445812474289248		0.215467775468	0.784532224532	0.215467775468	0.635828220859	1.0	0.635828220859
CIL70	0.22473468627182558		0.214594594595	0.785405405405	0.214594594595	0.635828220859	1.0	0.635828220859
WAY-362450	0.2265464432443489		0.207733887734	0.792266112266	0.207733887734	0.620621118012	1.0	0.620621118012
darinaparsin	0.22655159217929122		0.207733887734	0.792266112266	0.207733887734	0.620621118012	1.0	0.620621118012
tandutinib	0.22692208392791152		0.206444906445	0.793555093555	0.206444906445	0.620621118012	1.0	0.620621118012
crizotinib	0.22731813007860027		0.205197505198	0.794802494802	0.205197505198	0.620621118012	1.0	0.620621118012
PYR-41	0.22763248086502766		0.204449064449	0.795550935551	0.204449064449	0.620621118012	1.0	0.620621118012
GSK525762A	0.22858002718758696		0.201413721414	0.798586278586	0.201413721414	0.620621118012	1.0	0.620621118012
pifithrin-mu	0.23034605208460912		0.196091476091	0.803908523909	0.196091476091	0.608516129032	1.0	0.608516129032
PRIMA-1	0.23041695133308954		0.195841995842	0.804158004158	0.195841995842	0.608516129032	1.0	0.608516129032
BRD-K16147474	0.2308629424693023		0.194345114345	0.805654885655	0.194345114345	0.608516129032	1.0	0.608516129032
BRD-A02303741	0.23169931135662936		0.191683991684	0.808316008316	0.191683991684	0.606578947368	1.0	0.606578947368
BRD-K33514849	0.2331648682269043		0.187692307692	0.812307692308	0.187692307692	0.597880794702	1.0	0.597880794702
SJ-172550	0.23378133754682345		0.185945945946	0.814054054054	0.185945945946	0.596266666667	1.0	0.596266666667
ISOX	0.23410466267635027		0.185031185031	0.814968814969	0.185031185031	0.596266666667	1.0	0.596266666667
BRD-A05715709	0.2344763347205949		0.184074844075	0.815925155925	0.184074844075	0.596266666667	1.0	0.596266666667
ELCPK	0.23619343158673678		0.179293139293	0.820706860707	0.179293139293	0.586666666667	1.0	0.586666666667
canertinib	0.23662401133377348		0.178295218295	0.821704781705	0.178295218295	0.586666666667	1.0	0.586666666667
CCT036477	0.23765296682087875		0.175051975052	0.824948024948	0.175051975052	0.580689655172	1.0	0.580689655172
BRD-K14844214	0.23831418818345115		0.173139293139	0.826860706861	0.173139293139	0.578333333333	1.0	0.578333333333
barasertib	0.23861321801659535		0.172390852391	0.827609147609	0.172390852391	0.578333333333	1.0	0.578333333333
AGK-2	0.23926801600918904		0.170727650728	0.829272349272	0.170727650728	0.578309859155	1.0	0.578309859155
CAY10594	0.23982602991656754		0.168814968815	0.831185031185	0.168814968815	0.575886524823	1.0	0.575886524823
LRRK2-IN-1	0.24067602017943415		0.166153846154	0.833846153846	0.166153846154	0.570857142857	1.0	0.570857142857
BRD-K11533227	0.24094391836415455		0.165696465696	0.834303534304	0.165696465696	0.570857142857	1.0	0.570857142857
neratinib	0.24101938456448635		0.165488565489	0.834511434511	0.165488565489	0.570857142857	1.0	0.570857142857
BRD8899	0.2419109163343289		0.162661122661	0.837338877339	0.162661122661	0.570857142857	1.0	0.570857142857
AZD4547	0.24294001714841063		0.159708939709	0.840291060291	0.159708939709	0.564852941176	1.0	0.564852941176
Bax channel blocker	0.2429664583786923		0.159584199584	0.840415800416	0.159584199584	0.564852941176	1.0	0.564852941176
BRD-K94991378	0.24483628339386126		0.154968814969	0.845031185031	0.154968814969	0.556268656716	1.0	0.556268656716
fulvestrant	0.24502412297777723		0.154636174636	0.845363825364	0.154636174636	0.556268656716	1.0	0.556268656716
apicidin	0.2471873573587799		0.148607068607	0.851392931393	0.148607068607	0.541515151515	1.0	0.541515151515
BRD-K33199242	0.24721851941503906		0.148607068607	0.851392931393	0.148607068607	0.541515151515	1.0	0.541515151515
PX-12	0.2476457031188683		0.147567567568	0.852432432432	0.147567567568	0.541515151515	1.0	0.541515151515
navitoclax	0.24887798984361464		0.144532224532	0.855467775468	0.144532224532	0.538914728682	1.0	0.538914728682
BRD-K92856060	0.2491205024565732		0.143617463617	0.856382536383	0.143617463617	0.538914728682	1.0	0.538914728682
MI-1	0.2514790221455437		0.137920997921	0.862079002079	0.137920997921	0.522362204724	1.0	0.522362204724
nutlin-3	0.2515091346278455		0.137879417879	0.862120582121	0.137879417879	0.522362204724	1.0	0.522362204724
BRD-K90370028	0.25182540054158187		0.137130977131	0.862869022869	0.137130977131	0.522362204724	1.0	0.522362204724
GANT-61	0.25280906839298595		0.134261954262	0.865738045738	0.134261954262	0.520806451613	1.0	0.520806451613
Compound 7d-cis	0.25317932857388403		0.133222453222	0.866777546778	0.133222453222	0.520806451613	1.0	0.520806451613
TG-100-115	0.2538519112048854		0.131434511435	0.868565488565	0.131434511435	0.518196721311	1.0	0.518196721311
ML083	0.2547790388424638		0.129604989605	0.870395010395	0.129604989605	0.51520661157	1.0	0.51520661157
nilotinib	0.25510582716920455		0.12893970894	0.87106029106	0.12893970894	0.51520661157	1.0	0.51520661157
HLI 373	0.2561109517311673		0.126112266112	0.873887733888	0.126112266112	0.50974789916	1.0	0.50974789916
NVP-TAE684	0.25758444238005723		0.122245322245	0.877754677755	0.122245322245	0.498305084746	1.0	0.498305084746
BRD-K96431673	0.2582610226803063		0.120914760915	0.879085239085	0.120914760915	0.497094017094	1.0	0.497094017094
BCL-LZH-4	0.2585333755573305		0.120374220374	0.879625779626	0.120374220374	0.497094017094	1.0	0.497094017094
MK-2206	0.25993561103134494		0.115883575884	0.884116424116	0.115883575884	0.484695652174	1.0	0.484695652174
neuronal differentiation inducer III	0.2610507517472256		0.113347193347	0.886652806653	0.113347193347	0.478245614035	1.0	0.478245614035
AZD1480	0.2616473178094459		0.111975051975	0.888024948025	0.111975051975	0.476637168142	1.0	0.476637168142
WZ8040	0.2627995273227233		0.10948024948	0.89051975052	0.10948024948	0.470178571429	1.0	0.470178571429
tipifarnib-P1	0.2631231800097843		0.108648648649	0.891351351351	0.108648648649	0.470178571429	1.0	0.470178571429
pandacostat	0.2631410524540437		0.108607068607	0.891392931393	0.108607068607	0.470178571429	1.0	0.470178571429
HC-067047	0.2642206750952853		0.105904365904	0.894095634096	0.105904365904	0.467339449541	1.0	0.467339449541
belinostat	0.2644318118974344		0.105571725572	0.894428274428	0.105571725572	0.467339449541	1.0	0.467339449541
BRD-K27224038	0.2659843147913913		0.102079002079	0.897920997921	0.102079002079	0.458878504673	1.0	0.458878504673
semagacestat	0.26605233042473		0.101787941788	0.898212058212	0.101787941788	0.458878504673	1.0	0.458878504673
pitstop2	0.26646037917831783		0.101247401247	0.898752598753	0.101247401247	0.458878504673	1.0	0.458878504673
BRD-K75293299	0.2668076426195179		0.100582120582	0.899417879418	0.100582120582	0.458878504673	1.0	0.458878504673
istradefylline	0.2670248382538578		0.100249480249	0.899750519751	0.100249480249	0.458878504673	1.0	0.458878504673
BRD-K41334119	0.26724088874936347		0.0996673596674	0.900332640333	0.0996673596674	0.458878504673	1.0	0.458878504673
elocalcitol	0.26726929703102237		0.0996673596674	0.900332640333	0.0996673596674	0.458878504673	1.0	0.458878504673
BMS-754807	0.26755995165924223		0.0989189189189	0.901081081081	0.0989189189189	0.458878504673	1.0	0.458878504673
BRD6340	0.2677529514086201		0.0983367983368	0.901663201663	0.0983367983368	0.458878504673	1.0	0.458878504673
NSC19630	0.2678899776848852		0.0980873180873	0.901912681913	0.0980873180873	0.458878504673	1.0	0.458878504673
BRD-K96970199	0.26933489501034025		0.0945945945946	0.905405405405	0.0945945945946	0.458878504673	1.0	0.458878504673
KH-CB19	0.2699624164765657		0.093762993763	0.906237006237	0.093762993763	0.458878504673	1.0	0.458878504673
BRD-K41597374	0.271394297095934		0.0905613305613	0.909438669439	0.0905613305613	0.458526315789	1.0	0.458526315789
BYL-719	0.27139677042303667		0.0905613305613	0.909438669439	0.0905613305613	0.458526315789	1.0	0.458526315789
SZ4TA2	0.2720474416315469		0.088814968815	0.911185031185	0.088814968815	0.458526315789	1.0	0.458526315789
NSC95397	0.27267879351570556		0.0876091476091	0.912390852391	0.0876091476091	0.458043478261	1.0	0.458043478261
BRD-K85133207	0.27274091303925857		0.0875675675676	0.912432432432	0.0875675675676	0.458043478261	1.0	0.458043478261
BRD-K04800985	0.2729539676964423		0.0871933471933	0.912806652807	0.0871933471933	0.458043478261	1.0	0.458043478261
vorinostat	0.27347532328811747		0.0859459459459	0.914054054054	0.0859459459459	0.458043478261	1.0	0.458043478261
vandetanib	0.2741777131710648		0.0844074844075	0.915592515593	0.0844074844075	0.458043478261	1.0	0.458043478261
entinostat	0.27528298254810596		0.082577962578	0.917422037422	0.082577962578	0.456551724138	1.0	0.456551724138
BRD-K29313308	0.2753568493178667		0.0825363825364	0.917463617464	0.0825363825364	0.456551724138	1.0	0.456551724138
sildenafil	0.27620528151289686		0.080498960499	0.919501039501	0.080498960499	0.455529411765	1.0	0.455529411765
ML029	0.27652900046224077		0.0800831600832	0.919916839917	0.0800831600832	0.455529411765	1.0	0.455529411765
WZ4002	0.2765754202247736		0.0799584199584	0.920041580042	0.0799584199584	0.455529411765	1.0	0.455529411765
fingolimod	0.2769733815618887		0.0795841995842	0.920415800416	0.0795841995842	0.455529411765	1.0	0.455529411765
BRD-A94377914	0.27817297157181503		0.0774636174636	0.922536382536	0.0774636174636	0.455529411765	1.0	0.455529411765
BRD-K44224150	0.2785314691076605		0.0768399168399	0.92316008316	0.0768399168399	0.455529411765	1.0	0.455529411765
epigallocatechin-3-monogallate	0.278980811085599		0.0757172557173	0.924282744283	0.0757172557173	0.455529411765	1.0	0.455529411765
L-685458	0.27971792220459346		0.0743866943867	0.925613305613	0.0743866943867	0.455529411765	1.0	0.455529411765
BRD-K45681478	0.28065589296019067		0.0725571725572	0.927442827443	0.0725571725572	0.453246753247	1.0	0.453246753247
gefitinib	0.28114204327133346		0.0717671517672	0.928232848233	0.0717671517672	0.453246753247	1.0	0.453246753247
BRD-K80183349	0.2811955986908544		0.0715176715177	0.928482328482	0.0715176715177	0.453246753247	1.0	0.453246753247
16-beta-bromoandrosterone	0.28253323344442194		0.0684407484407	0.931559251559	0.0684407484407	0.444864864865	1.0	0.444864864865
PF-543	0.28412893075114093		0.0652390852391	0.934760914761	0.0652390852391	0.429863013699	1.0	0.429863013699
SCH-529074	0.28445690768607135		0.0648232848233	0.935176715177	0.0648232848233	0.429863013699	1.0	0.429863013699
ML203	0.28468283244462195		0.0644906444906	0.935509355509	0.0644906444906	0.429863013699	1.0	0.429863013699
BMS-270394	0.2848377193143956		0.0643659043659	0.935634095634	0.0643659043659	0.429863013699	1.0	0.429863013699
tacedinaline	0.28523202056035435		0.0638253638254	0.936174636175	0.0638253638254	0.429863013699	1.0	0.429863013699
temozolomide	0.28570772674795086		0.0630353430353	0.936964656965	0.0630353430353	0.429863013699	1.0	0.429863013699
UNC0638	0.2860490850962		0.0625363825364	0.937463617464	0.0625363825364	0.429863013699	1.0	0.429863013699
MI-2	0.2872378901320361		0.0604158004158	0.939584199584	0.0604158004158	0.429863013699	1.0	0.429863013699
cyclophosphamide	0.2872457643176235		0.0604158004158	0.939584199584	0.0604158004158	0.429863013699	1.0	0.429863013699
BRD-K48477130	0.2877173169082429		0.0599168399168	0.940083160083	0.0599168399168	0.429863013699	1.0	0.429863013699
BRD-A71883111	0.2885295994849584		0.0590020790021	0.940997920998	0.0590020790021	0.429863013699	1.0	0.429863013699
BIX-01294	0.29007899398716563		0.0567567567568	0.943243243243	0.0567567567568	0.429863013699	1.0	0.429863013699
BRD-K51490254	0.2905052358275731		0.0561746361746	0.943825363825	0.0561746361746	0.429863013699	1.0	0.429863013699
BRD-K09587429	0.2906716248962935		0.0560498960499	0.94395010395	0.0560498960499	0.429863013699	1.0	0.429863013699
NSC30930	0.29087173208592465		0.0555925155925	0.944407484407	0.0555925155925	0.429863013699	1.0	0.429863013699
tretinoin	0.2918219806503749		0.0543866943867	0.945613305613	0.0543866943867	0.429863013699	1.0	0.429863013699
afatinib	0.2921106147501846		0.0538045738046	0.946195426195	0.0538045738046	0.429863013699	1.0	0.429863013699
selumetinib	0.29229879841242173		0.0536382536383	0.946361746362	0.0536382536383	0.429863013699	1.0	0.429863013699
austocystin D	0.29283228435285413		0.0529313929314	0.947068607069	0.0529313929314	0.429863013699	1.0	0.429863013699
ibrutinib	0.2933022748767442		0.0523076923077	0.947692307692	0.0523076923077	0.429863013699	1.0	0.429863013699
BRD-K86535717	0.29398414911763776		0.0514345114345	0.948565488565	0.0514345114345	0.429863013699	1.0	0.429863013699
NSC23766	0.2964391726130975		0.0479833679834	0.952016632017	0.0479833679834	0.429863013699	1.0	0.429863013699
PDMP	0.29687880493469154		0.0473180873181	0.952681912682	0.0473180873181	0.429863013699	1.0	0.429863013699
PF-4800567 hydrochloride	0.29899315632032575		0.0450727650728	0.954927234927	0.0450727650728	0.429863013699	1.0	0.429863013699
ML050	0.2992939681771916		0.0448232848233	0.955176715177	0.0448232848233	0.429863013699	1.0	0.429863013699
skepinone-L	0.3008607933441357		0.0424948024948	0.957505197505	0.0424948024948	0.425833333333	1.0	0.425833333333
RG-108	0.30134513656489886		0.0418295218295	0.95817047817	0.0418295218295	0.425833333333	1.0	0.425833333333
Compound 23 citrate	0.30262472119033434		0.0402910602911	0.959708939709	0.0402910602911	0.421304347826	1.0	0.421304347826
avrainvillamide	0.3028989874054359		0.0399584199584	0.960041580042	0.0399584199584	0.421304347826	1.0	0.421304347826
ABT-737	0.30328318276406807		0.0396257796258	0.960374220374	0.0396257796258	0.421304347826	1.0	0.421304347826
LBH-589	0.30419643823408		0.0390436590437	0.960956340956	0.0390436590437	0.421304347826	1.0	0.421304347826
BRD-M00053801	0.3045344657358774		0.0386694386694	0.961330561331	0.0386694386694	0.421304347826	1.0	0.421304347826
BRD-K88742110	0.30499261885061774		0.0381704781705	0.96182952183	0.0381704781705	0.421304347826	1.0	0.421304347826
cimetidine	0.30648355353283385		0.036340956341	0.963659043659	0.036340956341	0.421304347826	1.0	0.421304347826
necrostatin-7	0.3076188719302328		0.0350103950104	0.96498960499	0.0350103950104	0.421304347826	1.0	0.421304347826
erlotinib	0.3084994305434755		0.0338877338877	0.966112266112	0.0338877338877	0.421304347826	1.0	0.421304347826
lapatinib	0.3087036206919855		0.0336798336798	0.96632016632	0.0336798336798	0.421304347826	1.0	0.421304347826
trametinib	0.30874107664559247		0.0336798336798	0.96632016632	0.0336798336798	0.421304347826	1.0	0.421304347826
NVP-ADW742	0.30896672870564945		0.0335135135135	0.966486486486	0.0335135135135	0.421304347826	1.0	0.421304347826
trifluoperazine	0.30902254865108636		0.0334719334719	0.966528066528	0.0334719334719	0.421304347826	1.0	0.421304347826
BRD-K26531177	0.30929729300520575		0.0330561330561	0.966943866944	0.0330561330561	0.421304347826	1.0	0.421304347826
CIL55	0.30943035781761735		0.032972972973	0.967027027027	0.032972972973	0.421304347826	1.0	0.421304347826
ABT-199	0.31059474431179906		0.0318918918919	0.968108108108	0.0318918918919	0.421304347826	1.0	0.421304347826
PLX-4032	0.31120260801955024		0.0313097713098	0.96869022869	0.0313097713098	0.421304347826	1.0	0.421304347826
FGIN-1-27	0.3130746180652		0.0295634095634	0.970436590437	0.0295634095634	0.421304347826	1.0	0.421304347826
serdemetan	0.3138418600888362		0.0289812889813	0.971018711019	0.0289812889813	0.421304347826	1.0	0.421304347826
prochlorperazine	0.31528693168872346		0.0277338877339	0.972266112266	0.0277338877339	0.421304347826	1.0	0.421304347826
RO4929097	0.3158865779982329		0.0272765072765	0.972723492723	0.0272765072765	0.421304347826	1.0	0.421304347826
BRD-K19103580	0.317021619925641		0.0262785862786	0.973721413721	0.0262785862786	0.421304347826	1.0	0.421304347826
O-6-benzylguanine	0.32309285414476135		0.0219958419958	0.978004158004	0.0219958419958	0.421304347826	1.0	0.421304347826
LY-2157299	0.32468205095533764		0.0213721413721	0.978627858628	0.0213721413721	0.421304347826	1.0	0.421304347826
BRD-K02251932	0.3248724136835875		0.0211642411642	0.978835758836	0.0211642411642	0.421304347826	1.0	0.421304347826
RITA	0.3252947866919315		0.0209147609148	0.979085239085	0.0209147609148	0.421304347826	1.0	0.421304347826
tamoxifen	0.3279140029910897	0.04302164476405993	0.0195841995842	0.980415800416	0.0195841995842	0.421304347826	1.0	0.421304347826
BRD-K52037352	0.3310415939266766	0.06328292318302185	0.017920997921	0.982079002079	0.017920997921	0.421304347826	1.0	0.421304347826
Compound 1541A	0.33185105338217674	0.08613684970043352	0.0174636174636	0.982536382536	0.0174636174636	0.421304347826	1.0	0.421304347826
FSC231	0.33228772510269566	0.08275842885106592	0.017130977131	0.982869022869	0.017130977131	0.421304347826	1.0	0.421304347826
BRD-K28456706	0.3347418350196256	0.012445495998387473	0.0159667359667	0.984033264033	0.0159667359667	0.421304347826	1.0	0.421304347826
BRD-K24690302	0.3371135621311166	0.009824397853604054	0.0148856548857	0.985114345114	0.0148856548857	0.421304347826	1.0	0.421304347826
GDC-0879	0.33801886133117093	0.01268348556638057	0.0145114345114	0.985488565489	0.0145114345114	0.421304347826	1.0	0.421304347826
PD 153035	0.34317658102842175	0.038274504780837534	0.0123908523909	0.987609147609	0.0123908523909	0.421304347826	1.0	0.421304347826
PD318088	0.34374972927945774	0.014519677978253494	0.0121413721414	0.987858627859	0.0121413721414	0.421304347826	1.0	0.421304347826
Repligen 136	0.34891530699554163	0.03764927109665535	0.0104781704782	0.989521829522	0.0104781704782	0.421304347826	1.0	0.421304347826
sotrastaurin	0.35541763133376947	0.0435658590476552	0.00835758835759	0.991642411642	0.00835758835759	0.402	1.0	0.402
tubastatin A	0.3563206691998199	0.06672826266023354	0.00806652806653	0.991933471933	0.00806652806653	0.402	1.0	0.402
BRD-K34485477	0.36167512144862796	0.06687693877896127	0.00623700623701	0.993762993763	0.00623700623701	0.375	1.0	0.375
linsitinib	0.36222231040514163	0.04627348608102212	0.00619542619543	0.993804573805	0.00619542619543	0.375	1.0	0.375
PLX-4720	0.37998715301912384	0.014377565894036234	0.0027027027027	0.997297297297	0.0027027027027	0.216666666667	1.0	0.216666666667
BRD-K42260513	0.3834219137105677	0.12262483429726846	0.00245322245322	0.997546777547	0.00245322245322	0.216666666667	1.0	0.216666666667
MLN2480	0.3867834276729655	0.02107912111194442	0.00199584199584	0.998004158004	0.00199584199584	0.216666666667	1.0	0.216666666667
compound 1B	0.39015422026752217	0.046815116325308825	0.00153846153846	0.998461538462	0.00153846153846	0.216666666667	1.0	0.216666666667
BRD-K99006945	0.3915592093786358	0.04800209477697355	0.00149688149688	0.998503118503	0.00149688149688	0.216666666667	1.0	0.216666666667
dabrafenib	0.5026066823368595	0.07457805622524441	4.158004158004158e-05	1.0	4.158004158004158e-05	0.02	1.0	0.02
