	score	0.95 moe	p-value (forward)	p-value (reverse)	p-value	fdr (forward)	fdr (reverse)	fdr
carcinoma	0.4832003721485298	0.005829976279142884	0.00015384615384615385	1.0	0.00015384615384615385	0.002	1.0	0.002
large_intestine	0.4689857189878704	0.01217874200019093	0.00015384615384615385	1.0	0.00015384615384615385	0.002	1.0	0.002
large_intestine.carcinoma.adenocarcinoma	0.40481906575778537	0.012284125883000452	0.00015384615384615385	1.0	0.00015384615384615385	0.002	1.0	0.002
pancreas	0.3053274143312222	0.009838433133543866	0.00015384615384615385	1.0	0.00015384615384615385	0.002	1.0	0.002
stomach	0.2512061846668618	0.00738360188981841	0.00015384615384615385	1.0	0.00015384615384615385	0.002	1.0	0.002
large_intestine.carcinoma.NS	0.24258214207285284	0.01875897735265619	0.00015384615384615385	1.0	0.00015384615384615385	0.002	1.0	0.002
pancreas.carcinoma.ductal_carcinoma	0.2229004558884689	0.010302413213357847	0.00015384615384615385	1.0	0.00015384615384615385	0.002	1.0	0.002
pancreas.carcinoma.NS	0.2211177583328517	0.010537137199076117	0.00015384615384615385	1.0	0.00015384615384615385	0.002	1.0	0.002
breast	0.20129106676258515	0.06478622880792048	0.00015384615384615385	1.0	0.00015384615384615385	0.002	1.0	0.002
stomach.carcinoma.NS	0.1927568685591468	0.011223564389211866	0.00015384615384615385	1.0	0.00015384615384615385	0.002	1.0	0.002
lung.carcinoma.adenocarcinoma	0.18157398838735428	0.04557045900305009	0.000769230769231	0.999230769231	0.000769230769231	0.00909090909091	1.0	0.00909090909091
breast.carcinoma.ductal_carcinoma	0.17043956285550196	0.051554956898117725	0.00215384615385	0.997846153846	0.00215384615385	0.0233333333333	1.0	0.0233333333333
biliary_tract.carcinoma.NS	0.15307022911394202	0.012919576734941967	0.00661538461538	0.993384615385	0.00661538461538	0.0614285714286	1.0	0.0614285714286
biliary_tract	0.15307022911394202	0.012919576734941967	0.00661538461538	0.993384615385	0.00661538461538	0.0614285714286	1.0	0.0614285714286
stomach.carcinoma.adenocarcinoma	0.14099576119014542	0.01745094442513231	0.0192307692308	0.980769230769	0.0192307692308	0.166666666667	1.0	0.166666666667
stomach.carcinoma.diffuse_adenocarcinoma	0.13467543781956387	0.033495544681236056	0.0363076923077	0.963692307692	0.0363076923077	0.295	1.0	0.295
liver	0.13352687972729338	0.051430084448667555	0.0392307692308	0.960769230769	0.0392307692308	0.3	1.0	0.3
prostate.carcinoma.adenocarcinoma	0.12442777113840113	0.032184770836033404	0.0698461538462	0.930153846154	0.0698461538462	0.504444444444	1.0	0.504444444444
prostate	0.11777540108610879	0.0352576252320076	0.103076923077	0.896923076923	0.103076923077	0.705263157895	1.0	0.705263157895
stomach.carcinoma.undifferentiated_adenocarcinoma	0.1117930280405523	0.0424228157387488	0.144615384615	0.855384615385	0.144615384615	0.94	1.0	0.94
liver.other.hepatoblastoma	0.11015730182898364		0.154	0.846	0.154	0.953333333333	0.999818181818	0.953333333333
stomach.carcinoma.signet_ring_adenocarcinoma	0.10598509329031028		0.186461538462	0.813538461538	0.186461538462	1.0	0.970275229358	1.0
other	0.10568774087815412		0.188769230769	0.811230769231	0.188769230769	1.0	0.970275229358	1.0
stomach.carcinoma.intestinal_adenocarcinoma	0.10035751266771518		0.235538461538	0.764461538462	0.235538461538	1.0	0.928785046729	1.0
oesophagus.carcinoma.adenocarcinoma	0.09874381407255323		0.249230769231	0.750769230769	0.249230769231	1.0	0.920754716981	1.0
oesophagus.other.metaplasia	0.09304325180026458		0.299692307692	0.700307692308	0.299692307692	1.0	0.867047619048	1.0
lung.carcinoma.NS	0.09199980545684688		0.304923076923	0.695076923077	0.304923076923	1.0	0.867047619048	1.0
carcinoid-endocrine_tumour	0.08855166658980523		0.323538461538	0.676461538462	0.323538461538	1.0	0.853786407767	1.0
lung.carcinoid-endocrine_tumour.NS	0.08855166658980523		0.323538461538	0.676461538462	0.323538461538	1.0	0.853786407767	1.0
stomach.carcinoma.small_cell_adenocarcinoma	0.08599078995172948		0.334	0.666	0.334	1.0	0.853786407767	1.0
ovary.carcinoma.mixed_carcinoma	0.08207496178846385		0.355692307692	0.644307692308	0.355692307692	1.0	0.8376	1.0
lung.carcinoma.undifferentiated_carcinoma	0.07603861681327756		0.394307692308	0.605692307692	0.394307692308	1.0	0.795353535354	1.0
endometrium.carcinoma.clear_cell_carcinoma	0.07400996282235935		0.401538461538	0.598461538462	0.401538461538	1.0	0.79387755102	1.0
stomach.carcinoma.tubular_adenocarcinoma	0.0731834373786223		0.403538461538	0.596461538462	0.403538461538	1.0	0.79387755102	1.0
stomach.carcinoma.mixed_adenosquamous_carcinoma	-0.04821672102793099		0.433076923077	0.566923076923	0.566923076923	1.0	0.767708333333	0.767708333333
oesophagus.carcinoma.NS	-0.04853618613180386		0.441846153846	0.558153846154	0.558153846154	1.0	0.763789473684	0.763789473684
malignant_fibrous_histiocytoma-pleomorphic_sarcoma	-0.04877590133342009		0.449230769231	0.550769230769	0.550769230769	1.0	0.76170212766	0.76170212766
soft_tissue.malignant_fibrous_histiocytoma-pleomorphic_sarcoma.NS	-0.04877590133342009		0.449230769231	0.550769230769	0.550769230769	1.0	0.76170212766	0.76170212766
upper_aerodigestive_tract.other.papilloma	-0.04880638191963109		0.449230769231	0.550769230769	0.550769230769	1.0	0.76170212766	0.76170212766
bone.chondrosarcoma.dedifferentiated	-0.049623110695170045		0.458923076923	0.541076923077	0.541076923077	1.0	0.76170212766	0.76170212766
breast.carcinoma.metaplastic_carcinoma	-0.049700244491102316		0.461846153846	0.538153846154	0.538153846154	1.0	0.76170212766	0.76170212766
liver.carcinoma.adenocarcinoma	-0.04977841320466656		0.462769230769	0.537230769231	0.537230769231	1.0	0.76170212766	0.76170212766
thyroid.carcinoma.papillary_carcinoma	-0.05077953892597095		0.475230769231	0.524769230769	0.524769230769	1.0	0.76170212766	0.76170212766
bone.other.giant_cell_tumour	-0.05082063289471174		0.476923076923	0.523076923077	0.523076923077	1.0	0.76170212766	0.76170212766
ovary.carcinoma.Brenner_tumour	-0.05102259905383285		0.480307692308	0.519692307692	0.519692307692	1.0	0.76170212766	0.76170212766
sex_cord-stromal_tumour	-0.05217757717313995		0.491846153846	0.508153846154	0.508153846154	1.0	0.76170212766	0.76170212766
ovary.sex_cord-stromal_tumour.granulosa_cell_tumour	-0.05217757717313995		0.491846153846	0.508153846154	0.508153846154	1.0	0.76170212766	0.76170212766
fibrosarcoma	-0.05335984377072717		0.502	0.498	0.498	1.0	0.76170212766	0.76170212766
soft_tissue.fibrosarcoma.NS	-0.05335984377072717		0.502	0.498	0.498	1.0	0.76170212766	0.76170212766
prostate.carcinoma.NS	-0.05344097470700256		0.502615384615	0.497384615385	0.497384615385	1.0	0.76170212766	0.76170212766
central_nervous_system.glioma.astrocytoma_Grade_III	-0.05349728859008926		0.503076923077	0.496923076923	0.496923076923	1.0	0.76170212766	0.76170212766
central_nervous_system.glioma.oligodendroglioma	-0.054867354407000156		0.533384615385	0.466615384615	0.466615384615	1.0	0.76170212766	0.76170212766
soft_tissue.rhabdomyosarcoma.embryonal	-0.05487419296207311		0.535846153846	0.464153846154	0.464153846154	1.0	0.76170212766	0.76170212766
central_nervous_system.glioma.gliosarcoma	-0.05487774666141532		0.541846153846	0.458153846154	0.458153846154	1.0	0.76170212766	0.76170212766
lung.carcinoma.mucoepidermoid_carcinoma	-0.055627987109514575		0.556153846154	0.443846153846	0.443846153846	1.0	0.759210526316	0.759210526316
ovary.carcinoma.mucinous_carcinoma	-0.05590768087599027		0.558307692308	0.441692307692	0.441692307692	1.0	0.759210526316	0.759210526316
endometrium.carcinoma.NS	-0.056599036933088535		0.560769230769	0.439230769231	0.439230769231	1.0	0.759210526316	0.759210526316
ovary.carcinoma.endometrioid_carcinoma	-0.057699570971085204		0.566923076923	0.433076923077	0.433076923077	1.0	0.759210526316	0.759210526316
thyroid.carcinoma.medullary_carcinoma	-0.058822367671942426		0.571384615385	0.428615384615	0.428615384615	1.0	0.759210526316	0.759210526316
ovary.carcinoma.undifferentiated_carcinoma	-0.059571253722926265		0.574461538462	0.425538461538	0.425538461538	1.0	0.759210526316	0.759210526316
bone.chondrosarcoma.NS	-0.06035387189753366		0.578461538462	0.421538461538	0.421538461538	1.0	0.759210526316	0.759210526316
endometrium.carcinoma.mixed_adenosquamous_carcinoma	-0.06364897368032836		0.598769230769	0.401230769231	0.401230769231	1.0	0.755942028986	0.755942028986
bone.giant_cell_tumour.NS	-0.06489657488725338		0.608	0.392	0.392	1.0	0.749411764706	0.749411764706
giant_cell_tumour	-0.06489657488725338		0.608	0.392	0.392	1.0	0.749411764706	0.749411764706
thyroid.carcinoma.anaplastic_carcinoma	-0.06585322197867882		0.616153846154	0.383846153846	0.383846153846	1.0	0.749411764706	0.749411764706
prostate.carcinoma.small_cell_carcinoma	-0.06732485446439404		0.634769230769	0.365230769231	0.365230769231	1.0	0.730461538462	0.730461538462
soft_tissue.leiomyosarcoma.NS	-0.0673824160551548		0.635384615385	0.364615384615	0.364615384615	1.0	0.730461538462	0.730461538462
leiomyosarcoma	-0.0673824160551548		0.635384615385	0.364615384615	0.364615384615	1.0	0.730461538462	0.730461538462
upper_aerodigestive_tract.carcinoma.NS	-0.06763099939478297		0.639538461538	0.360461538462	0.360461538462	1.0	0.730461538462	0.730461538462
soft_tissue.sarcoma.NS	-0.06828996143887596		0.647076923077	0.352923076923	0.352923076923	1.0	0.730461538462	0.730461538462
sarcoma	-0.06828996143887596		0.647076923077	0.352923076923	0.352923076923	1.0	0.730461538462	0.730461538462
chondrosarcoma	-0.06928638018143728		0.658615384615	0.341384615385	0.341384615385	1.0	0.730461538462	0.730461538462
lung.carcinoma.bronchioloalveolar_adenocarcinoma	-0.07085690397432746		0.671076923077	0.328923076923	0.328923076923	1.0	0.730461538462	0.730461538462
central_nervous_system.primitive_neuroectodermal_tumour-medulloblastoma.NS	-0.0735257420299007		0.687230769231	0.312769230769	0.312769230769	1.0	0.713333333333	0.713333333333
primitive_neuroectodermal_tumour-medulloblastoma	-0.0735257420299007		0.687230769231	0.312769230769	0.312769230769	1.0	0.713333333333	0.713333333333
rhabdoid_tumour	-0.07436830442725316		0.690923076923	0.309076923077	0.309076923077	1.0	0.713333333333	0.713333333333
soft_tissue.rhabdoid_tumour.NS	-0.07436830442725316		0.690923076923	0.309076923077	0.309076923077	1.0	0.713333333333	0.713333333333
lung.carcinoma.mixed_adenosquamous_carcinoma	-0.07463359484013281		0.693076923077	0.306923076923	0.306923076923	1.0	0.713333333333	0.713333333333
ovary.carcinoma.serous_carcinoma	-0.07471760304614584		0.694	0.306	0.306	1.0	0.713333333333	0.713333333333
thyroid	-0.07656879584429595		0.706153846154	0.293846153846	0.293846153846	1.0	0.713333333333	0.713333333333
endometrium.carcinoma.carcinosarcoma-malignant_mesodermal_mixed_tumour	-0.08550978119998968		0.758	0.242	0.242	1.0	0.6292	0.6292
thyroid.carcinoma.follicular_carcinoma	-0.08753258792576722		0.768769230769	0.231230769231	0.231230769231	1.0	0.613469387755	0.613469387755
soft_tissue.rhabdomyosarcoma.NS	-0.08975744953017123		0.781538461538	0.218461538462	0.218461538462	1.0	0.591666666667	0.591666666667
urinary_tract.carcinoma.NS	-0.0916165041583761		0.791230769231	0.208769230769	0.208769230769	1.0	0.577446808511	0.577446808511
lung.carcinoma.large_cell_carcinoma	-0.09178277952900374		0.791384615385	0.208615384615	0.208615384615	1.0	0.577446808511	0.577446808511
soft_tissue.rhabdomyosarcoma.alveolar	-0.09342208117053565		0.804615384615	0.195384615385	0.195384615385	1.0	0.564444444444	0.564444444444
ovary.carcinoma.NS	-0.0934949405322048		0.805076923077	0.194923076923	0.194923076923	1.0	0.564444444444	0.564444444444
kidney.carcinoma.NS	-0.09561928401346649		0.815230769231	0.184769230769	0.184769230769	1.0	0.558604651163	0.558604651163
ovary.carcinoma.clear_cell_carcinoma	-0.10017926117395193		0.848461538462	0.151538461538	0.151538461538	1.0	0.469047619048	0.469047619048
ovary.carcinoma.adenocarcinoma	-0.10567712584567675		0.882307692308	0.117692307692	0.117692307692	1.0	0.373170731707	0.373170731707
urinary_tract.carcinoma.transitional_cell_carcinoma	-0.10774178977956655		0.893076923077	0.106923076923	0.106923076923	1.0	0.3475	0.3475
bone.osteosarcoma.NS	-0.11666147746554359		0.936153846154	0.0638461538462	0.0638461538462	1.0	0.212820512821	0.212820512821
osteosarcoma	-0.11666147746554359		0.936153846154	0.0638461538462	0.0638461538462	1.0	0.212820512821	0.212820512821
bone.Ewings_sarcoma-peripheral_primitive_neuroectodermal_tumour.NS	-0.11681357748523208		0.936769230769	0.0632307692308	0.0632307692308	1.0	0.212820512821	0.212820512821
Ewings_sarcoma_peripheral_primitive_neuroectodermal_tumour	-0.11681357748523208		0.936769230769	0.0632307692308	0.0632307692308	1.0	0.212820512821	0.212820512821
central_nervous_system.glioma.astrocytoma	-0.11708457696008874		0.937692307692	0.0623076923077	0.0623076923077	1.0	0.212820512821	0.212820512821
central_nervous_system.glioma.NS	-0.1192335695288437		0.945692307692	0.0543076923077	0.0543076923077	1.0	0.207647058824	0.207647058824
lung.carcinoma.non_small_cell_carcinoma	-0.11954815134432623		0.947846153846	0.0521538461538	0.0521538461538	1.0	0.205454545455	0.205454545455
rhabdomyosarcoma	-0.12015996445597212		0.950615384615	0.0493846153846	0.0493846153846	1.0	0.200625	0.200625
oesophagus	-0.12143710740988305		0.955846153846	0.0441538461538	0.0441538461538	1.0	0.185161290323	0.185161290323
pleura.mesothelioma.NS	-0.12146788923350826		0.956	0.044	0.044	1.0	0.185161290323	0.185161290323
pleura	-0.12146788923350826		0.956	0.044	0.044	1.0	0.185161290323	0.185161290323
mesothelioma	-0.12146788923350826		0.956	0.044	0.044	1.0	0.185161290323	0.185161290323
lung.carcinoma.squamous_cell_carcinoma	-0.1233098056007795		0.963846153846	0.0361538461538	0.0361538461538	1.0	0.174074074074	0.174074074074
kidney.carcinoma.clear_cell_renal_cell_carcinoma	-0.1300809558849844		0.978923076923	0.0210769230769	0.0210769230769	1.0	0.105384615385	0.105384615385
urinary_tract	-0.1326896352040655		0.982923076923	0.0170769230769	0.0170769230769	1.0	0.0888	0.0888
liver.carcinoma.hepatocellular_carcinoma	-0.13400814564802419		0.984153846154	0.0158461538462	0.0158461538462	1.0	0.0858333333333	0.0858333333333
ovary	-0.1348844856823787		0.985846153846	0.0141538461538	0.0141538461538	1.0	0.08	0.08
endometrium.carcinoma.adenocarcinoma	-0.13493426226864375		0.985846153846	0.0141538461538	0.0141538461538	1.0	0.08	0.08
breast.carcinoma.NS	-0.1358283298710362		0.986615384615	0.0133846153846	0.0133846153846	1.0	0.08	0.08
oesophagus.carcinoma.squamous_cell_carcinoma	-0.13668969623976024	0.007761211092465524	0.987538461538	0.0124615384615	0.0124615384615	1.0	0.08	0.08
endometrium	-0.13784694528609462	0.0350048226310804	0.988461538462	0.0115384615385	0.0115384615385	1.0	0.0789473684211	0.0789473684211
kidney.carcinoma.renal_cell_carcinoma	-0.14226518809162592	0.04683525542937782	0.991846153846	0.00815384615385	0.00815384615385	1.0	0.0588888888889	0.0588888888889
lung.carcinoma.small_cell_carcinoma	-0.14956698293627838	0.006658710204772551	0.996	0.004	0.004	1.0	0.0305882352941	0.0305882352941
skin.malignant_melanoma.NS.0	-0.1601083194272743	0.006751142023323784	0.999076923077	0.000923076923077	0.000923076923077	1.0	0.0075	0.0075
soft_tissue	-0.16788371516728262	0.006970773951942891	0.999846153846	0.000153846153846	0.000153846153846	1.0	0.0013333333333333333	0.0013333333333333333
upper_aerodigestive_tract.carcinoma.squamous_cell_carcinoma	-0.1886594849885009	0.008782439938961887	1.0	0.00015384615384615385	0.00015384615384615385	1.0	0.0013333333333333333	0.0013333333333333333
bone	-0.1901083107516225	0.006384709225034716	1.0	0.00015384615384615385	0.00015384615384615385	1.0	0.0013333333333333333	0.0013333333333333333
upper_aerodigestive_tract	-0.1997773628068586	0.008862518449111645	1.0	0.00015384615384615385	0.00015384615384615385	1.0	0.0013333333333333333	0.0013333333333333333
kidney	-0.2000550183844723	0.03246800565263513	1.0	0.00015384615384615385	0.00015384615384615385	1.0	0.0013333333333333333	0.0013333333333333333
neuroblastoma	-0.21334310950559243	0.008106908478720877	1.0	0.00015384615384615385	0.00015384615384615385	1.0	0.0013333333333333333	0.0013333333333333333
autonomic_ganglia.neuroblastoma.NS	-0.21334310950559243	0.008106908478720877	1.0	0.00015384615384615385	0.00015384615384615385	1.0	0.0013333333333333333	0.0013333333333333333
autonomic_ganglia	-0.21334310950559243	0.008106908478720877	1.0	0.00015384615384615385	0.00015384615384615385	1.0	0.0013333333333333333	0.0013333333333333333
central_nervous_system.glioma.astrocytoma_Grade_IV	-0.2155603890093732	0.008698787544450508	1.0	0.00015384615384615385	0.00015384615384615385	1.0	0.0013333333333333333	0.0013333333333333333
lung	-0.21580871619204517	0.026998748838910833	1.0	0.00015384615384615385	0.00015384615384615385	1.0	0.0013333333333333333	0.0013333333333333333
skin.malignant_melanoma.NS.1	-0.22817767002760236	0.006839432534599495	1.0	0.00015384615384615385	0.00015384615384615385	1.0	0.0013333333333333333	0.0013333333333333333
malignant_melanoma	-0.27444425194764227	0.007226109379639959	1.0	0.00015384615384615385	0.00015384615384615385	1.0	0.0013333333333333333	0.0013333333333333333
skin	-0.27444425194764227	0.007226109379639959	1.0	0.00015384615384615385	0.00015384615384615385	1.0	0.0013333333333333333	0.0013333333333333333
glioma	-0.2871475954327535	0.007999122958802944	1.0	0.00015384615384615385	0.00015384615384615385	1.0	0.0013333333333333333	0.0013333333333333333
central_nervous_system	-0.2910469718621878	0.008275928465091406	1.0	0.00015384615384615385	0.00015384615384615385	1.0	0.0013333333333333333	0.0013333333333333333
