	score	0.95 moe	p-value (forward)	p-value (reverse)	p-value	fdr (forward)	fdr (reverse)	fdr
linsitinib	-0.6149944507297396	0.02866049756996258	0.999750519751	0.00024948024948	0.00024948024948	0.999750519751	0.12	0.12
CIL55	-0.6034562366182419	0.13924901871478532	0.999376299376	0.000623700623701	0.000623700623701	0.999750519751	0.12	0.12
sotrastaurin	-0.6003017365216972	0.06605335273889683	0.999251559252	0.000748440748441	0.000748440748441	0.999750519751	0.12	0.12
BRD-K88742110	-0.5699757641823273	0.1657235078604513	0.997796257796	0.00220374220374	0.00220374220374	0.999750519751	0.265	0.265
O-6-benzylguanine	-0.548446876086888	0.1637367337089353	0.995509355509	0.00449064449064	0.00449064449064	0.999750519751	0.369090909091	0.369090909091
BRD-K42260513	-0.5413678745961344	0.16978197089413427	0.994677754678	0.00532224532225	0.00532224532225	0.999750519751	0.369090909091	0.369090909091
austocystin D	-0.5396848447533997	0.013208918125990992	0.994303534304	0.00569646569647	0.00569646569647	0.999750519751	0.369090909091	0.369090909091
Repligen 136	-0.5361229998320797	0.12367976790893317	0.993471933472	0.00652806652807	0.00652806652807	0.999750519751	0.369090909091	0.369090909091
SB-431542	-0.5276018878868834	0.14640747107218804	0.991559251559	0.00844074844075	0.00844074844075	0.999750519751	0.369090909091	0.369090909091
necrostatin-7	-0.5275486935321426	0.11360052680302134	0.991559251559	0.00844074844075	0.00844074844075	0.999750519751	0.369090909091	0.369090909091
BRD-K02251932	-0.5274801823214508	0.1506412340764381	0.991559251559	0.00844074844075	0.00844074844075	0.999750519751	0.369090909091	0.369090909091
PD318088	-0.514906164370491	0.01888849421829737	0.987609147609	0.0123908523909	0.0123908523909	0.999750519751	0.4575	0.4575
BRD-K24690302	-0.5139543927308746	0.1555907082286779	0.987484407484	0.0125155925156	0.0125155925156	0.999750519751	0.4575	0.4575
BRD-K13999467	-0.5081593494584701	0.1619390105784332	0.985280665281	0.0147193347193	0.0147193347193	0.999750519751	0.4575	0.4575
BRD-K19103580	-0.5077978212227879	0.018587914405853345	0.985197505198	0.0148024948025	0.0148024948025	0.999750519751	0.4575	0.4575
BRD-K41597374	-0.5068013941078428	0.02056449365869201	0.984781704782	0.0152182952183	0.0152182952183	0.999750519751	0.4575	0.4575
PD 153035	-0.5025488692313276	0.023105939424110603	0.982536382536	0.0174636174636	0.0174636174636	0.999750519751	0.466666666667	0.466666666667
Compound 23 citrate	-0.5023580435605168	0.022870365683157055	0.982536382536	0.0174636174636	0.0174636174636	0.999750519751	0.466666666667	0.466666666667
BRD-K52037352	-0.49836605082746227	0.021408469574821006	0.98079002079	0.01920997921	0.01920997921	0.999750519751	0.480769230769	0.480769230769
procarbazine	-0.49679629775541234	0.11136718431587021	0.979459459459	0.0205405405405	0.0205405405405	0.999750519751	0.480769230769	0.480769230769
L-685458	-0.49374989176497225		0.977463617464	0.0225363825364	0.0225363825364	0.999750519751	0.480769230769	0.480769230769
16-beta-bromoandrosterone	-0.4935014031046425		0.977255717256	0.0227442827443	0.0227442827443	0.999750519751	0.480769230769	0.480769230769
afatinib	-0.4924866901311516		0.976424116424	0.0235758835759	0.0235758835759	0.999750519751	0.480769230769	0.480769230769
RITA	-0.4901692799075047		0.975176715177	0.0248232848233	0.0248232848233	0.999750519751	0.480769230769	0.480769230769
BMS-195614	-0.48972913044851424		0.974968814969	0.0250311850312	0.0250311850312	0.999750519751	0.480769230769	0.480769230769
skepinone-L	-0.4886004488514943		0.974012474012	0.0259875259875	0.0259875259875	0.999750519751	0.480769230769	0.480769230769
Compound 1541A	-0.48288765575730613		0.969438669439	0.0305613305613	0.0305613305613	0.999750519751	0.517894736842	0.517894736842
tamoxifen	-0.48262006189099294		0.969272349272	0.0307276507277	0.0307276507277	0.999750519751	0.517894736842	0.517894736842
ML029	-0.47780130118148706		0.965446985447	0.034553014553	0.034553014553	0.999750519751	0.517894736842	0.517894736842
nelarabine	-0.47443351789536004		0.962661122661	0.0373388773389	0.0373388773389	0.999750519751	0.517894736842	0.517894736842
trifluoperazine	-0.47349231585587515		0.961954261954	0.0380457380457	0.0380457380457	0.999750519751	0.517894736842	0.517894736842
ML203	-0.47338542242288517		0.961912681913	0.0380873180873	0.0380873180873	0.999750519751	0.517894736842	0.517894736842
CBB-1007	-0.4722681963848828		0.961081081081	0.0389189189189	0.0389189189189	0.999750519751	0.517894736842	0.517894736842
indisulam	-0.47179339871929804		0.960457380457	0.0395426195426	0.0395426195426	0.999750519751	0.517894736842	0.517894736842
MI-2	-0.47097288390689335		0.959792099792	0.0402079002079	0.0402079002079	0.999750519751	0.517894736842	0.517894736842
azacitidine	-0.4705912464908873		0.959417879418	0.0405821205821	0.0405821205821	0.999750519751	0.517894736842	0.517894736842
erlotinib	-0.47052133465386786		0.959417879418	0.0405821205821	0.0405821205821	0.999750519751	0.517894736842	0.517894736842
BRD-A94377914	-0.4702046134503624		0.959085239085	0.0409147609148	0.0409147609148	0.999750519751	0.517894736842	0.517894736842
ibrutinib	-0.4655227677417607		0.954844074844	0.0451559251559	0.0451559251559	0.999750519751	0.554	0.554
selumetinib	-0.46474177335820976		0.953929313929	0.0460706860707	0.0460706860707	0.999750519751	0.554	0.554
PF-4800567 hydrochloride	-0.46226191547738316		0.951226611227	0.0487733887734	0.0487733887734	0.999750519751	0.569302325581	0.569302325581
imatinib	-0.4614308826088418		0.950187110187	0.0498128898129	0.0498128898129	0.999750519751	0.569302325581	0.569302325581
RO4929097	-0.4602472601731294		0.949106029106	0.050893970894	0.050893970894	0.999750519751	0.569302325581	0.569302325581
BMS-754807	-0.45642614402691717		0.944698544699	0.0553014553015	0.0553014553015	0.999750519751	0.594347826087	0.594347826087
BRD-K29313308	-0.4556804059777218		0.943825363825	0.0561746361746	0.0561746361746	0.999750519751	0.594347826087	0.594347826087
PF-543	-0.45501179904907046		0.94316008316	0.0568399168399	0.0568399168399	0.999750519751	0.594347826087	0.594347826087
etomoxir	-0.4527322212211093		0.940623700624	0.0593762993763	0.0593762993763	0.999750519751	0.607659574468	0.607659574468
NVP-ADW742	-0.4504014318444066		0.937796257796	0.0622037422037	0.0622037422037	0.999750519751	0.623333333333	0.623333333333
BRD-K09587429	-0.44948983442103335		0.936174636175	0.0638253638254	0.0638253638254	0.999750519751	0.626530612245	0.626530612245
MLN2480	-0.4472392920751337		0.932806652807	0.0671933471933	0.0671933471933	0.999750519751	0.6464	0.6464
lapatinib	-0.4463517704324106		0.931018711019	0.0689812889813	0.0689812889813	0.999750519751	0.650588235294	0.650588235294
NVP-TAE684	-0.44484051951106063		0.929189189189	0.0708108108108	0.0708108108108	0.999750519751	0.655	0.655
HC-067047	-0.44128454419703944		0.9241995842	0.0758004158004	0.0758004158004	0.999750519751	0.687924528302	0.687924528302
BRD-A71883111	-0.438601451417147		0.919085239085	0.0809147609148	0.0809147609148	0.999750519751	0.690666666667	0.690666666667
zebularine	-0.43780978994003944		0.918212058212	0.0817879417879	0.0817879417879	0.999750519751	0.690666666667	0.690666666667
elocalcitol	-0.43683520135109366		0.917047817048	0.0829521829522	0.0829521829522	0.999750519751	0.690666666667	0.690666666667
crizotinib	-0.4355058348870975		0.915176715177	0.0848232848233	0.0848232848233	0.999750519751	0.690666666667	0.690666666667
BRD-K90370028	-0.43547911193347005		0.915176715177	0.0848232848233	0.0848232848233	0.999750519751	0.690666666667	0.690666666667
WAY-362450	-0.434671174161315		0.913887733888	0.0861122661123	0.0861122661123	0.999750519751	0.690666666667	0.690666666667
sildenafil	-0.43465195490824304		0.913846153846	0.0861538461538	0.0861538461538	0.999750519751	0.690666666667	0.690666666667
canertinib	-0.4336302030509511		0.912182952183	0.087817047817	0.087817047817	0.999750519751	0.692459016393	0.692459016393
PX-12	-0.4307629729979745		0.90656964657	0.0934303534304	0.0934303534304	0.999750519751	0.721764705882	0.721764705882
lomeguatrib	-0.42980593640346504		0.904823284823	0.0951767151767	0.0951767151767	0.999750519751	0.721764705882	0.721764705882
pifithrin-mu	-0.42873900715354785		0.90340956341	0.0965904365904	0.0965904365904	0.999750519751	0.721764705882	0.721764705882
cyanoquinoline 11	-0.4267271037417606		0.899916839917	0.100083160083	0.100083160083	0.999750519751	0.721764705882	0.721764705882
SZ4TA2	-0.42627313442498294		0.898669438669	0.101330561331	0.101330561331	0.999750519751	0.721764705882	0.721764705882
BRD-K64610608	-0.425879466906992		0.898253638254	0.101746361746	0.101746361746	0.999750519751	0.721764705882	0.721764705882
linifanib	-0.4256588095826784		0.897962577963	0.102037422037	0.102037422037	0.999750519751	0.721764705882	0.721764705882
GSK4112	-0.4241527163915768		0.894844074844	0.105155925156	0.105155925156	0.999750519751	0.727532467532	0.727532467532
fluorouracil	-0.4226371406545836		0.891642411642	0.108357588358	0.108357588358	0.999750519751	0.727532467532	0.727532467532
BRD-K45681478	-0.4224457112246138		0.891434511435	0.108565488565	0.108565488565	0.999750519751	0.727532467532	0.727532467532
hyperforin	-0.422080540943697		0.890727650728	0.109272349272	0.109272349272	0.999750519751	0.727532467532	0.727532467532
PDMP	-0.42121469874673984		0.889272349272	0.110727650728	0.110727650728	0.999750519751	0.727532467532	0.727532467532
BCL-LZH-4	-0.41902499843855845		0.886278586279	0.113721413721	0.113721413721	0.999750519751	0.727532467532	0.727532467532
NSC19630	-0.41876464748976855		0.885904365904	0.114095634096	0.114095634096	0.999750519751	0.727532467532	0.727532467532
HLI 373	-0.4180540033137171		0.884698544699	0.115301455301	0.115301455301	0.999750519751	0.727532467532	0.727532467532
BRD-K85133207	-0.417371776817888		0.883534303534	0.116465696466	0.116465696466	0.999750519751	0.727532467532	0.727532467532
neratinib	-0.4164525116910209		0.881912681913	0.118087318087	0.118087318087	0.999750519751	0.728205128205	0.728205128205
veliparib	-0.41395561001737324		0.877837837838	0.122162162162	0.122162162162	0.999750519751	0.736210526316	0.736210526316
brivanib	-0.4134153658189076		0.876881496881	0.123118503119	0.123118503119	0.999750519751	0.736210526316	0.736210526316
BIX-01294	-0.41223490680212155		0.874844074844	0.125155925156	0.125155925156	0.999750519751	0.736210526316	0.736210526316
semagacestat	-0.4104600171108371		0.871600831601	0.128399168399	0.128399168399	0.999750519751	0.736210526316	0.736210526316
fingolimod	-0.4104239386069867		0.871517671518	0.128482328482	0.128482328482	0.999750519751	0.736210526316	0.736210526316
decitabine	-0.4101424129348727		0.870561330561	0.129438669439	0.129438669439	0.999750519751	0.736210526316	0.736210526316
triptolide	-0.40925753462932846		0.868856548857	0.131143451143	0.131143451143	0.999750519751	0.736210526316	0.736210526316
GDC-0879	-0.4074069923644777		0.865488565489	0.134511434511	0.134511434511	0.999750519751	0.736210526316	0.736210526316
CIL55A	-0.40731719909597996		0.865322245322	0.134677754678	0.134677754678	0.999750519751	0.736210526316	0.736210526316
neuronal differentiation inducer III	-0.40706119757574444		0.864656964657	0.135343035343	0.135343035343	0.999750519751	0.736210526316	0.736210526316
cytarabine hydrochloride	-0.406197433522503		0.863035343035	0.136964656965	0.136964656965	0.999750519751	0.736210526316	0.736210526316
VAF-347	-0.4050566359039577		0.860997920998	0.139002079002	0.139002079002	0.999750519751	0.736210526316	0.736210526316
BRD-K04800985	-0.4035330037255417		0.858128898129	0.141871101871	0.141871101871	0.999750519751	0.736210526316	0.736210526316
erismodegib	-0.40328359545220116		0.857713097713	0.142286902287	0.142286902287	0.999750519751	0.736210526316	0.736210526316
gefitinib	-0.40207670816340046		0.855717255717	0.144282744283	0.144282744283	0.999750519751	0.736210526316	0.736210526316
pandacostat	-0.40157915049883364		0.85501039501	0.14498960499	0.14498960499	0.999750519751	0.736210526316	0.736210526316
BRD-K14844214	-0.40141056333971886		0.854594594595	0.145405405405	0.145405405405	0.999750519751	0.736210526316	0.736210526316
Bax channel blocker	-0.39911172231669717		0.850935550936	0.149064449064	0.149064449064	0.999750519751	0.741782178218	0.741782178218
trametinib	-0.39820867164085466		0.849230769231	0.150769230769	0.150769230769	0.999750519751	0.741782178218	0.741782178218
BMS-536924	-0.3974151685604526		0.847318087318	0.152681912682	0.152681912682	0.999750519751	0.741782178218	0.741782178218
istradefylline	-0.3966810683136255		0.845945945946	0.154054054054	0.154054054054	0.999750519751	0.741782178218	0.741782178218
ciclosporin	-0.39630830409548157		0.845363825364	0.154636174636	0.154636174636	0.999750519751	0.741782178218	0.741782178218
C6-ceramide	-0.39565662054423095		0.844241164241	0.155758835759	0.155758835759	0.999750519751	0.741782178218	0.741782178218
importazole	-0.3923361849665406		0.837505197505	0.162494802495	0.162494802495	0.999750519751	0.752991452991	0.752991452991
tipifarnib-P2	-0.3914636802528702		0.83525987526	0.16474012474	0.16474012474	0.999750519751	0.752991452991	0.752991452991
BRD-K50799972	-0.3911561354824218		0.834636174636	0.165363825364	0.165363825364	0.999750519751	0.752991452991	0.752991452991
SU11274	-0.38790942785209714		0.828024948025	0.171975051975	0.171975051975	0.999750519751	0.752991452991	0.752991452991
COL-3	-0.3865813718649413		0.825155925156	0.174844074844	0.174844074844	0.999750519751	0.752991452991	0.752991452991
BRD-K17060750	-0.38517509098727015		0.822328482328	0.177671517672	0.177671517672	0.999750519751	0.752991452991	0.752991452991
tosedostat	-0.3846379934453389		0.821288981289	0.178711018711	0.178711018711	0.999750519751	0.752991452991	0.752991452991
BIRB-796	-0.3845196347116477		0.820956340956	0.179043659044	0.179043659044	0.999750519751	0.752991452991	0.752991452991
MK-2206	-0.3843366651366851		0.820582120582	0.179417879418	0.179417879418	0.999750519751	0.752991452991	0.752991452991
VU0155056	-0.3841824932857778		0.820291060291	0.179708939709	0.179708939709	0.999750519751	0.752991452991	0.752991452991
tacedinaline	-0.38376854408459		0.819625779626	0.180374220374	0.180374220374	0.999750519751	0.752991452991	0.752991452991
Ko-143	-0.38369441285183786		0.819459459459	0.180540540541	0.180540540541	0.999750519751	0.752991452991	0.752991452991
brefeldin A	-0.38291523096605473		0.81762993763	0.18237006237	0.18237006237	0.999750519751	0.752991452991	0.752991452991
BYL-719	-0.3827715746068155		0.81738045738	0.18261954262	0.18261954262	0.999750519751	0.752991452991	0.752991452991
navitoclax	-0.38272619361797694		0.817338877339	0.182661122661	0.182661122661	0.999750519751	0.752991452991	0.752991452991
BRD-K80183349	-0.3823482985181965		0.81683991684	0.18316008316	0.18316008316	0.999750519751	0.752991452991	0.752991452991
BRD-K16147474	-0.3800159753509459		0.811434511435	0.188565488565	0.188565488565	0.999750519751	0.768644067797	0.768644067797
necrosulfonamide	-0.37850620585071276		0.808316008316	0.191683991684	0.191683991684	0.999750519751	0.769016393443	0.769016393443
AZ-3146	-0.37835818760757384		0.808108108108	0.191891891892	0.191891891892	0.999750519751	0.769016393443	0.769016393443
nutlin-3	-0.37737101777445914		0.805945945946	0.194054054054	0.194054054054	0.999750519751	0.769016393443	0.769016393443
tanespimycin	-0.37684057170462865		0.804948024948	0.195051975052	0.195051975052	0.999750519751	0.769016393443	0.769016393443
KU-60019	-0.3744280254942477		0.798253638254	0.201746361746	0.201746361746	0.999750519751	0.78435483871	0.78435483871
SNX-2112	-0.3742447933784486		0.797796257796	0.202203742204	0.202203742204	0.999750519751	0.78435483871	0.78435483871
SRT-1720	-0.3716217860153943		0.792016632017	0.207983367983	0.207983367983	0.999750519751	0.80032	0.80032
prochlorperazine	-0.3708194703948756		0.789438669439	0.210561330561	0.210561330561	0.999750519751	0.80380952381	0.80380952381
I-BET151	-0.36844484744019546		0.783534303534	0.216465696466	0.216465696466	0.999750519751	0.81390625	0.81390625
PAC-1	-0.36841542291966595		0.78340956341	0.21659043659	0.21659043659	0.999750519751	0.81390625	0.81390625
ciclopirox	-0.36491441804543073		0.775176715177	0.224823284823	0.224823284823	0.999750519751	0.825303030303	0.825303030303
PL-DI	-0.3648465888229487		0.774968814969	0.225031185031	0.225031185031	0.999750519751	0.825303030303	0.825303030303
vorinostat	-0.3642911450332691		0.773721413721	0.226278586279	0.226278586279	0.999750519751	0.825303030303	0.825303030303
ML258	-0.36419525784829393		0.773513513514	0.226486486486	0.226486486486	0.999750519751	0.825303030303	0.825303030303
BRD-A86708339	-0.36241518989045546		0.76869022869	0.23130977131	0.23130977131	0.999750519751	0.832413793103	0.832413793103
AZD7545	-0.36094874535490534		0.765363825364	0.234636174636	0.234636174636	0.999750519751	0.832413793103	0.832413793103
TPCA-1	-0.360496001066413		0.764490644491	0.235509355509	0.235509355509	0.999750519751	0.832413793103	0.832413793103
UNC0638	-0.3591804077527986		0.760997920998	0.239002079002	0.239002079002	0.999750519751	0.832413793103	0.832413793103
LBH-589	-0.35850203268291425		0.759168399168	0.240831600832	0.240831600832	0.999750519751	0.832413793103	0.832413793103
piperlongumine	-0.3563027764022903		0.754885654886	0.245114345114	0.245114345114	0.999750519751	0.832413793103	0.832413793103
purmorphamine	-0.3561019458840472		0.75422037422	0.24577962578	0.24577962578	0.999750519751	0.832413793103	0.832413793103
MI-1	-0.35583965711527077		0.753513513514	0.246486486486	0.246486486486	0.999750519751	0.832413793103	0.832413793103
ISOX	-0.35508902118565255		0.751642411642	0.248357588358	0.248357588358	0.999750519751	0.832413793103	0.832413793103
BRD-K63431240	-0.3548766101211824		0.750893970894	0.249106029106	0.249106029106	0.999750519751	0.832413793103	0.832413793103
ML320	-0.35485105105798903		0.750852390852	0.249147609148	0.249147609148	0.999750519751	0.832413793103	0.832413793103
valdecoxib	-0.3544652477464125		0.749896049896	0.250103950104	0.250103950104	0.999750519751	0.832413793103	0.832413793103
belinostat	-0.3542831724985179		0.749064449064	0.250935550936	0.250935550936	0.999750519751	0.832413793103	0.832413793103
KHS101	-0.35027237165676645		0.740540540541	0.259459459459	0.259459459459	0.999750519751	0.849054054054	0.849054054054
ML334 diastereomer	-0.35023292708506004		0.740498960499	0.259501039501	0.259501039501	0.999750519751	0.849054054054	0.849054054054
GSK525762A	-0.34947305686333224		0.738752598753	0.261247401247	0.261247401247	0.999750519751	0.849054054054	0.849054054054
WZ4002	-0.34644972448091943		0.731268191268	0.268731808732	0.268731808732	0.999750519751	0.853205128205	0.853205128205
masitinib	-0.34612504199629435		0.730187110187	0.269812889813	0.269812889813	0.999750519751	0.853205128205	0.853205128205
FSC231	-0.3458912957389669		0.729563409563	0.270436590437	0.270436590437	0.999750519751	0.853205128205	0.853205128205
WZ8040	-0.3450590908351299		0.7279002079	0.2720997921	0.2720997921	0.999750519751	0.853205128205	0.853205128205
StemRegenin 1	-0.34459570630382175		0.72656964657	0.27343035343	0.27343035343	0.999750519751	0.853205128205	0.853205128205
GW-405833	-0.34348802244874366		0.724074844075	0.275925155925	0.275925155925	0.999750519751	0.853205128205	0.853205128205
entinostat	-0.3434831342621386		0.724074844075	0.275925155925	0.275925155925	0.999750519751	0.853205128205	0.853205128205
narciclasine	-0.3430029042942044		0.723284823285	0.276715176715	0.276715176715	0.999750519751	0.853205128205	0.853205128205
GDC-0941	-0.33949925746788656		0.715093555094	0.284906444906	0.284906444906	0.999750519751	0.868447204969	0.868447204969
BRD-K33514849	-0.33843884649982686		0.712681912682	0.287318087318	0.287318087318	0.999750519751	0.868447204969	0.868447204969
BRD-K27224038	-0.3382540549146106		0.712224532225	0.287775467775	0.287775467775	0.999750519751	0.868447204969	0.868447204969
NVP-231	-0.3373170883286326		0.709646569647	0.290353430353	0.290353430353	0.999750519751	0.868447204969	0.868447204969
BRD-K94991378	-0.33715142232582856		0.709313929314	0.290686070686	0.290686070686	0.999750519751	0.868447204969	0.868447204969
LRRK2-IN-1	-0.33635108343530357		0.707276507277	0.292723492723	0.292723492723	0.999750519751	0.869135802469	0.869135802469
JQ-1	-0.3332412231558946		0.699334719335	0.300665280665	0.300665280665	0.999750519751	0.883536585366	0.883536585366
spautin-1	-0.3330545042891333		0.698752598753	0.301247401247	0.301247401247	0.999750519751	0.883536585366	0.883536585366
bosutinib	-0.3301645487160968		0.690810810811	0.309189189189	0.309189189189	0.999750519751	0.901333333333	0.901333333333
BRD-K34099515	-0.32735935052926685		0.683243243243	0.316756756757	0.316756756757	0.999750519751	0.917831325301	0.917831325301
SCH-79797	-0.32639412066364243		0.680457380457	0.319542619543	0.319542619543	0.999750519751	0.920359281437	0.920359281437
bafilomycin A1	-0.3252888388232598		0.677463617464	0.322536382536	0.322536382536	0.999750519751	0.920705882353	0.920705882353
QS-11	-0.324934668402982		0.676216216216	0.323783783784	0.323783783784	0.999750519751	0.920705882353	0.920705882353
UNC0321	-0.32413657642769994		0.674594594595	0.325405405405	0.325405405405	0.999750519751	0.920705882353	0.920705882353
BRD-K48477130	-0.3227333734706827		0.67130977131	0.32869022869	0.32869022869	0.999750519751	0.924561403509	0.924561403509
PRIMA-1	-0.3198636181953338		0.664033264033	0.335966735967	0.335966735967	0.999750519751	0.939447513812	0.939447513812
SCH-529074	-0.3191767757016908		0.661663201663	0.338336798337	0.338336798337	0.999750519751	0.939447513812	0.939447513812
SR8278	-0.3172987152894419		0.656923076923	0.343076923077	0.343076923077	0.999750519751	0.939447513812	0.939447513812
PF-573228	-0.31681521035492594		0.655509355509	0.344490644491	0.344490644491	0.999750519751	0.939447513812	0.939447513812
bardoxolone methyl	-0.3161101039811514		0.654054054054	0.345945945946	0.345945945946	0.999750519751	0.939447513812	0.939447513812
NSC632839	-0.31532396469283774		0.652598752599	0.347401247401	0.347401247401	0.999750519751	0.939447513812	0.939447513812
SR-II-138A	-0.3134778439767877		0.648565488565	0.351434511435	0.351434511435	0.999750519751	0.939447513812	0.939447513812
LY-2157299	-0.3133043502643508		0.64814968815	0.35185031185	0.35185031185	0.999750519751	0.939447513812	0.939447513812
BRD8958	-0.31328163825871896		0.648024948025	0.351975051975	0.351975051975	0.999750519751	0.939447513812	0.939447513812
cerulenin	-0.31259818825822167		0.646486486486	0.353513513514	0.353513513514	0.999750519751	0.939447513812	0.939447513812
saracatinib	-0.3115023656583881		0.643866943867	0.356133056133	0.356133056133	0.999750519751	0.941208791209	0.941208791209
CR-1-31B	-0.3087731445944786		0.636798336798	0.363201663202	0.363201663202	0.999750519751	0.954644808743	0.954644808743
BRD-K86535717	-0.3080562958459195		0.634760914761	0.365239085239	0.365239085239	0.999750519751	0.954782608696	0.954782608696
N9-isopropylolomoucine	-0.30459057932865186		0.626444906445	0.373555093555	0.373555093555	0.999750519751	0.971243243243	0.971243243243
KU 0060648	-0.30286337504373667		0.622286902287	0.377713097713	0.377713097713	0.999750519751	0.976774193548	0.976774193548
BRD-K96431673	-0.30010185089118063		0.616216216216	0.383783783784	0.383783783784	0.999750519751	0.984468085106	0.984468085106
BRD-K84807411	-0.29973318382778064		0.615218295218	0.384781704782	0.384781704782	0.999750519751	0.984468085106	0.984468085106
BRD-K30019337	-0.2970202613945852		0.60814968815	0.39185031185	0.39185031185	0.998361774744	0.996576200418	0.996576200418
BRD-K97651142	-0.2953446950483001		0.604656964657	0.395343035343	0.395343035343	0.99602739726	0.996576200418	0.996576200418
BRD-K71935468	-0.29480322357999567		0.603617463617	0.396382536383	0.396382536383	0.99602739726	0.996576200418	0.996576200418
GSK-J4	-0.289443110620862		0.592307692308	0.407692307692	0.407692307692	0.982413793103	0.996576200418	0.996576200418
HBX-41108	-0.28755889291643955		0.587941787942	0.412058212058	0.412058212058	0.978546712803	0.996576200418	0.996576200418
BRD-K09344309	-0.28429918757204253		0.582952182952	0.417047817048	0.417047817048	0.973611111111	0.996576200418	0.996576200418
BRD-K96970199	-0.2794949069089575		0.574261954262	0.425738045738	0.425738045738	0.96243902439	0.996576200418	0.996576200418
BRD-K27986637	-0.26437931810488585		0.55683991684	0.44316008316	0.44316008316	0.936503496503	0.996576200418	0.996576200418
oligomycin A	-0.2586671769898617		0.55185031185	0.44814968815	0.44814968815	0.931368421053	0.996576200418	0.996576200418
cimetidine	-0.2564193671041658		0.550228690229	0.449771309771	0.449771309771	0.931368421053	0.996576200418	0.996576200418
BEC	-0.25625940838024536		0.550062370062	0.449937629938	0.449937629938	0.931368421053	0.996576200418	0.996576200418
abiraterone	-0.25166314703881393		0.547692307692	0.452307692308	0.452307692308	0.931368421053	0.996576200418	0.996576200418
fulvestrant	-0.24714409870768106		0.545446985447	0.454553014553	0.454553014553	0.931368421053	0.996576200418	0.996576200418
BRD-K48334597	-0.23692479378675635		0.542453222453	0.457546777547	0.457546777547	0.931368421053	0.996576200418	0.996576200418
BRD-K30748066	0.17394116751963476		0.535135135135	0.464864864865	0.535135135135	0.922580645161	0.996576200418	0.922580645161
BRD-K78574327	0.24977657754755028		0.521205821206	0.478794178794	0.521205821206	0.901798561151	0.996576200418	0.901798561151
ML312	0.2546046701723454		0.518045738046	0.481954261954	0.518045738046	0.899566787004	0.996576200418	0.899566787004
QW-BI-011	0.27045534080384315		0.502286902287	0.497713097713	0.502286902287	0.875362318841	0.996576200418	0.875362318841
parthenolide	0.27245450197106996		0.499376299376	0.500623700624	0.499376299376	0.873454545455	0.996576200418	0.873454545455
SB-743921	0.2731120351789671		0.498461538462	0.501538461538	0.498461538462	0.873454545455	0.996576200418	0.873454545455
TG-101348	0.2762596215840624		0.493638253638	0.506361746362	0.493638253638	0.869743589744	0.996576200418	0.869743589744
VX-680	0.27940553012704755		0.488440748441	0.511559251559	0.488440748441	0.86375	0.996576200418	0.86375
methotrexate	0.2838966022977147		0.479625779626	0.520374220374	0.479625779626	0.851291512915	0.996576200418	0.851291512915
NVP-BSK805	0.28669701115895907		0.473887733888	0.526112266112	0.473887733888	0.844222222222	0.996576200418	0.844222222222
topotecan	0.29027530661234446		0.465654885655	0.534345114345	0.465654885655	0.832639405204	0.996576200418	0.832639405204
gemcitabine	0.2917626192457048		0.462037422037	0.537962577963	0.462037422037	0.829253731343	0.996576200418	0.829253731343
3-Cl-AHPC	0.2953126973912153		0.452723492723	0.547276507277	0.452723492723	0.815580524345	0.996576200418	0.815580524345
neopeltolide	0.29651061351103136		0.449355509356	0.550644490644	0.449355509356	0.812556390977	0.996576200418	0.812556390977
blebbistatin	0.29665817718923804		0.448856548857	0.551143451143	0.448856548857	0.812556390977	0.996576200418	0.812556390977
AZD8055	0.2969299657540945		0.44814968815	0.55185031185	0.44814968815	0.812556390977	0.996576200418	0.812556390977
BRD4132	0.29921475514292184		0.441538461538	0.558461538462	0.441538461538	0.80752851711	0.996576200418	0.80752851711
MLN2238	0.3000834297213286		0.438835758836	0.561164241164	0.438835758836	0.805648854962	0.996576200418	0.805648854962
GW-843682X	0.3008534347536717		0.436756756757	0.563243243243	0.436756756757	0.804904214559	0.996576200418	0.804904214559
PF-3758309	0.3015639563488027		0.434760914761	0.565239085239	0.434760914761	0.804307692308	0.996576200418	0.804307692308
BRD-K44224150	0.30328659173486217		0.429521829522	0.570478170478	0.429521829522	0.797683397683	0.996576200418	0.797683397683
WP1130	0.30331830826404804		0.42948024948	0.57051975052	0.42948024948	0.797683397683	0.996576200418	0.797683397683
BRD-K41334119	0.30492599178364793		0.424158004158	0.575841995842	0.424158004158	0.793852140078	0.996576200418	0.793852140078
BRD-K01737880	0.3053993192086826		0.422952182952	0.577047817048	0.422952182952	0.793852140078	0.996576200418	0.793852140078
sitagliptin	0.30612770667920863		0.421122661123	0.578877338877	0.421122661123	0.793852140078	0.996576200418	0.793852140078
myricetin	0.30768682193794666		0.416299376299	0.583700623701	0.416299376299	0.788346456693	0.996576200418	0.788346456693
CHM-1	0.3082182290535162		0.414386694387	0.585613305613	0.414386694387	0.787826086957	0.996576200418	0.787826086957
daporinad	0.31021826596229723		0.408066528067	0.591933471933	0.408066528067	0.778888888889	0.996576200418	0.778888888889
KPT185	0.31044141535910286		0.407193347193	0.592806652807	0.407193347193	0.778888888889	0.996576200418	0.778888888889
regorafenib	0.31187456266717006		0.403076923077	0.596923076923	0.403076923077	0.77552	0.996576200418	0.77552
EX-527	0.3119208747989321		0.402952182952	0.597047817048	0.402952182952	0.77552	0.996576200418	0.77552
TW-37	0.3120227360683338		0.40261954262	0.59738045738	0.40261954262	0.77552	0.996576200418	0.77552
1S,3R-RSL-3	0.31395798603919883		0.396424116424	0.603575883576	0.396424116424	0.771983805668	0.996576200418	0.771983805668
BRD-K70511574	0.3149520489824383		0.393513513514	0.606486486486	0.393513513514	0.769430894309	0.996576200418	0.769430894309
BRD9876	0.3165759863394782		0.388232848233	0.611767151767	0.388232848233	0.762204081633	0.996576200418	0.762204081633
AT13387	0.31691304189993225		0.387151767152	0.612848232848	0.387151767152	0.762204081633	0.996576200418	0.762204081633
paclitaxel	0.3208403030920813		0.374677754678	0.625322245322	0.374677754678	0.741646090535	0.996576200418	0.741646090535
bortezomib	0.32112303746129983		0.37367983368	0.62632016632	0.37367983368	0.741646090535	0.996576200418	0.741646090535
phloretin	0.3214842030596364		0.372557172557	0.627442827443	0.372557172557	0.741646090535	0.996576200418	0.741646090535
methylstat	0.32421555608739966		0.3641995842	0.6358004158	0.3641995842	0.729916666667	0.996576200418	0.729916666667
obatoclax	0.3246759479468579		0.362910602911	0.637089397089	0.362910602911	0.729916666667	0.996576200418	0.729916666667
nakiterpiosin	0.3254288035785966		0.360623700624	0.639376299376	0.360623700624	0.728823529412	0.996576200418	0.728823529412
FGIN-1-27	0.3270579556098861		0.355426195426	0.644573804574	0.355426195426	0.72135021097	0.996576200418	0.72135021097
salermide	0.32814766422555036		0.35185031185	0.64814968815	0.35185031185	0.717118644068	0.996576200418	0.717118644068
pevonedistat	0.3284056583512595		0.350727650728	0.649272349272	0.350727650728	0.717118644068	0.996576200418	0.717118644068
dexamethasone	0.32852682849828524		0.350436590437	0.649563409563	0.350436590437	0.717118644068	0.996576200418	0.717118644068
cucurbitacin I	0.3293135384886036		0.347775467775	0.652224532225	0.347775467775	0.717118644068	0.996576200418	0.717118644068
rigosertib	0.33034531610994494		0.344823284823	0.655176715177	0.344823284823	0.714913793103	0.996576200418	0.714913793103
BRD-K34222889	0.3323494623265273		0.338378378378	0.661621621622	0.338378378378	0.704588744589	0.996576200418	0.704588744589
clofarabine	0.33256787094156826		0.337671517672	0.662328482328	0.337671517672	0.704588744589	0.996576200418	0.704588744589
BI-2536	0.33339475907673827		0.335218295218	0.664781704782	0.335218295218	0.704104803493	0.996576200418	0.704104803493
PIK-93	0.33354682118131607		0.334844074844	0.665155925156	0.334844074844	0.704104803493	0.996576200418	0.704104803493
SB-525334	0.3349912616371664		0.330103950104	0.669896049896	0.330103950104	0.699471365639	0.996576200418	0.699471365639
MK-1775	0.3352917548466296		0.329022869023	0.670977130977	0.329022869023	0.699471365639	0.996576200418	0.699471365639
VER-155008	0.33626524109805417		0.325738045738	0.674261954262	0.325738045738	0.696355555556	0.996576200418	0.696355555556
DBeQ	0.33789136104612433		0.320706860707	0.679293139293	0.320706860707	0.688660714286	0.996576200418	0.688660714286
JW-55	0.33862379188738556		0.318503118503	0.681496881497	0.318503118503	0.686995515695	0.996576200418	0.686995515695
CI-976	0.339656420980502		0.315883575884	0.684116424116	0.315883575884	0.684414414414	0.996576200418	0.684414414414
BRD-K75293299	0.3400684491589821		0.314594594595	0.685405405405	0.314594594595	0.684414414414	0.996576200418	0.684414414414
sirolimus	0.34085623942056026		0.312266112266	0.687733887734	0.312266112266	0.682727272727	0.996576200418	0.682727272727
parbendazole	0.34109429597258956		0.311226611227	0.688773388773	0.311226611227	0.682727272727	0.996576200418	0.682727272727
mitomycin	0.34125574127247277		0.310893970894	0.689106029106	0.310893970894	0.682727272727	0.996576200418	0.682727272727
ML311	0.34184216561406466		0.309147609148	0.690852390852	0.309147609148	0.682727272727	0.996576200418	0.682727272727
ML210	0.34262593238654393		0.30656964657	0.69343035343	0.30656964657	0.682685185185	0.996576200418	0.682685185185
KX2-391	0.34337606930578274		0.304074844075	0.695925155925	0.304074844075	0.680279069767	0.996576200418	0.680279069767
SN-38	0.34620956769303546		0.295135135135	0.704864864865	0.295135135135	0.663364485981	0.996576200418	0.663364485981
vandetanib	0.3498317780546377		0.285654885655	0.714345114345	0.285654885655	0.645070422535	0.996576200418	0.645070422535
NVP-BEZ235	0.35096158466342237		0.282744282744	0.717255717256	0.282744282744	0.641509433962	0.996576200418	0.641509433962
vincristine	0.3510552217686399		0.282328482328	0.717671517672	0.282328482328	0.641509433962	0.996576200418	0.641509433962
B02	0.35131842784352213		0.281330561331	0.718669438669	0.281330561331	0.641509433962	0.996576200418	0.641509433962
Merck60	0.35209762124798827		0.279168399168	0.720831600832	0.279168399168	0.641509433962	0.996576200418	0.641509433962
CD-437	0.3529101461456733		0.276632016632	0.723367983368	0.276632016632	0.639711538462	0.996576200418	0.639711538462
SMER-3	0.3529209130959677		0.276632016632	0.723367983368	0.276632016632	0.639711538462	0.996576200418	0.639711538462
FQI-2	0.35293506553090787		0.276632016632	0.723367983368	0.276632016632	0.639711538462	0.996576200418	0.639711538462
teniposide	0.35415906473769804		0.272307692308	0.727692307692	0.272307692308	0.638926829268	0.996576200418	0.638926829268
GSK1059615	0.35426468539705563		0.271975051975	0.728024948025	0.271975051975	0.638926829268	0.996576200418	0.638926829268
GSK2636771	0.3554374758813657		0.268399168399	0.731600831601	0.268399168399	0.635960591133	0.996576200418	0.635960591133
GSK461364	0.35575185821379424		0.267941787942	0.732058212058	0.267941787942	0.635960591133	0.996576200418	0.635960591133
LE-135	0.3565048661239336		0.265613305613	0.734386694387	0.265613305613	0.635621890547	0.996576200418	0.635621890547
MK-0752	0.35667470605789553		0.265114345114	0.734885654886	0.265114345114	0.635621890547	0.996576200418	0.635621890547
R428	0.3591064124091626		0.258669438669	0.741330561331	0.258669438669	0.625226130653	0.996576200418	0.625226130653
pyrazolanthrone	0.3594778982018865		0.257297297297	0.742702702703	0.257297297297	0.625050505051	0.996576200418	0.625050505051
ZSTK474	0.36027959354541794		0.255051975052	0.744948024948	0.255051975052	0.622741116751	0.996576200418	0.622741116751
BMS-345541	0.3609222593734886		0.253139293139	0.746860706861	0.253139293139	0.621224489796	0.996576200418	0.621224489796
curcumin	0.36098455134211654		0.253014553015	0.746985446985	0.253014553015	0.621224489796	0.996576200418	0.621224489796
CAY10618	0.36151150431218343		0.251600831601	0.748399168399	0.251600831601	0.621224489796	0.996576200418	0.621224489796
PF-750	0.36198918845731215		0.250478170478	0.749521829522	0.250478170478	0.621224489796	0.996576200418	0.621224489796
vorapaxar	0.362966275823293		0.248316008316	0.751683991684	0.248316008316	0.621224489796	0.996576200418	0.621224489796
silmitasertib	0.36372791081164085		0.246444906445	0.753555093555	0.246444906445	0.620628272251	0.996576200418	0.620628272251
YK 4-279	0.36558737700208505		0.241912681913	0.758087318087	0.241912681913	0.612421052632	0.996576200418	0.612421052632
docetaxel	0.36609515050092234		0.240997920998	0.759002079002	0.240997920998	0.612421052632	0.996576200418	0.612421052632
SNS-032	0.3661916480059799		0.240831600832	0.759168399168	0.240831600832	0.612421052632	0.996576200418	0.612421052632
BRD-K55116708	0.3667113882525788		0.239126819127	0.760873180873	0.239126819127	0.612421052632	0.996576200418	0.612421052632
AA-COCF3	0.36705673712259423		0.238004158004	0.761995841996	0.238004158004	0.612421052632	0.996576200418	0.612421052632
temozolomide	0.3674947179862421		0.237047817048	0.762952182952	0.237047817048	0.612421052632	0.996576200418	0.612421052632
BRD-K34485477	0.3675444653547341		0.236964656965	0.763035343035	0.236964656965	0.612421052632	0.996576200418	0.612421052632
968	0.36775534280688943		0.23659043659	0.76340956341	0.23659043659	0.612421052632	0.996576200418	0.612421052632
AGK-2	0.36813215779438624		0.235675675676	0.764324324324	0.235675675676	0.612421052632	0.996576200418	0.612421052632
MG-132	0.36864290581660014		0.23422037422	0.76577962578	0.23422037422	0.612421052632	0.996576200418	0.612421052632
BRD-K49290616	0.36959569145118193		0.231517671518	0.768482328482	0.231517671518	0.612421052632	0.996576200418	0.612421052632
sunitinib	0.36962156874085245		0.231476091476	0.768523908524	0.231476091476	0.612421052632	0.996576200418	0.612421052632
gossypol	0.36990787938827696		0.231018711019	0.768981288981	0.231018711019	0.612421052632	0.996576200418	0.612421052632
palmostatin B	0.37001483935974094		0.230769230769	0.769230769231	0.230769230769	0.612421052632	0.996576200418	0.612421052632
tivantinib	0.37002992114479094		0.230644490644	0.769355509356	0.230644490644	0.612421052632	0.996576200418	0.612421052632
avicin D	0.3702089756965119		0.230187110187	0.769812889813	0.230187110187	0.612421052632	0.996576200418	0.612421052632
ceranib-2	0.37299505429204216		0.223201663202	0.776798336798	0.223201663202	0.612421052632	0.996576200418	0.612421052632
quizartinib	0.37324671496013406		0.22261954262	0.77738045738	0.22261954262	0.612421052632	0.996576200418	0.612421052632
pluripotin	0.3732729543350745		0.222577962578	0.777422037422	0.222577962578	0.612421052632	0.996576200418	0.612421052632
sorafenib	0.37331941835960797		0.222494802495	0.777505197505	0.222494802495	0.612421052632	0.996576200418	0.612421052632
leptomycin B	0.37347644398676166		0.221912681913	0.778087318087	0.221912681913	0.612421052632	0.996576200418	0.612421052632
nintedanib	0.3741023315134759		0.220623700624	0.779376299376	0.220623700624	0.612421052632	0.996576200418	0.612421052632
ETP-46464	0.37411704184373695		0.220582120582	0.779417879418	0.220582120582	0.612421052632	0.996576200418	0.612421052632
triazolothiadiazine	0.37414434978594413		0.220582120582	0.779417879418	0.220582120582	0.612421052632	0.996576200418	0.612421052632
OSI-027	0.3746423359779931		0.219126819127	0.780873180873	0.219126819127	0.612421052632	0.996576200418	0.612421052632
Ki8751	0.3751426416653965		0.21738045738	0.78261954262	0.21738045738	0.612421052632	0.996576200418	0.612421052632
BRD-K66453893	0.37541663077632814		0.216382536383	0.783617463617	0.216382536383	0.612421052632	0.996576200418	0.612421052632
tigecycline	0.3763701919723632		0.213846153846	0.786153846154	0.213846153846	0.612421052632	0.996576200418	0.612421052632
omacetaxine mepesuccinate	0.376844813978769		0.212474012474	0.787525987526	0.212474012474	0.612421052632	0.996576200418	0.612421052632
RAF265	0.37757148325849116		0.210353430353	0.789646569647	0.210353430353	0.612421052632	0.996576200418	0.612421052632
alvocidib	0.3787207868843015		0.207318087318	0.792681912682	0.207318087318	0.612421052632	0.996576200418	0.612421052632
AZD7762	0.37879445936613443		0.207193347193	0.792806652807	0.207193347193	0.612421052632	0.996576200418	0.612421052632
ML006	0.3808339833429168		0.202494802495	0.797505197505	0.202494802495	0.612421052632	0.996576200418	0.612421052632
temsirolimus	0.3809509842648263		0.20237006237	0.79762993763	0.20237006237	0.612421052632	0.996576200418	0.612421052632
ouabain	0.38112277663302185		0.201912681913	0.798087318087	0.201912681913	0.612421052632	0.996576200418	0.612421052632
CID-5951923	0.3814953014279687		0.200997920998	0.799002079002	0.200997920998	0.612421052632	0.996576200418	0.612421052632
KU-0063794	0.3815706412560049		0.200623700624	0.799376299376	0.200623700624	0.612421052632	0.996576200418	0.612421052632
dinaciclib	0.38179946105533386		0.200041580042	0.799958419958	0.200041580042	0.612421052632	0.996576200418	0.612421052632
myriocin	0.38231446883242226		0.199168399168	0.800831600832	0.199168399168	0.612421052632	0.996576200418	0.612421052632
BRD-A05715709	0.3833485406509228		0.196257796258	0.803742203742	0.196257796258	0.612421052632	0.996576200418	0.612421052632
betulinic acid	0.3846552344959486		0.193513513514	0.806486486486	0.193513513514	0.612421052632	0.996576200418	0.612421052632
Ch-55	0.3848094603963594		0.193180873181	0.806819126819	0.193180873181	0.612421052632	0.996576200418	0.612421052632
PRL-3 inhibitor I	0.38510998847536776		0.192557172557	0.807442827443	0.192557172557	0.612421052632	0.996576200418	0.612421052632
PHA-793887	0.3853014225461205		0.192224532225	0.807775467775	0.192224532225	0.612421052632	0.996576200418	0.612421052632
FQI-1	0.3859589339737014		0.190852390852	0.809147609148	0.190852390852	0.612421052632	0.996576200418	0.612421052632
marinopyrrole A	0.3868323444836574		0.188024948025	0.811975051975	0.188024948025	0.612421052632	0.996576200418	0.612421052632
apicidin	0.3870853267584299		0.187442827443	0.812557172557	0.187442827443	0.612421052632	0.996576200418	0.612421052632
AZD6482	0.3872779393126632		0.187234927235	0.812765072765	0.187234927235	0.612421052632	0.996576200418	0.612421052632
CAY10594	0.3881052158504217		0.185363825364	0.814636174636	0.185363825364	0.612421052632	0.996576200418	0.612421052632
erastin	0.38813971696849553		0.185239085239	0.814760914761	0.185239085239	0.612421052632	0.996576200418	0.612421052632
KH-CB19	0.3882222913410719		0.185031185031	0.814968814969	0.185031185031	0.612421052632	0.996576200418	0.612421052632
isoevodiamine	0.3885839967985796		0.184365904366	0.815634095634	0.184365904366	0.612421052632	0.996576200418	0.612421052632
AM-580	0.3891101517940384		0.183118503119	0.816881496881	0.183118503119	0.612421052632	0.996576200418	0.612421052632
cytochalasin B	0.39008868831903704		0.180831600832	0.819168399168	0.180831600832	0.612421052632	0.996576200418	0.612421052632
cediranib	0.3933831352731521		0.173555093555	0.826444906445	0.173555093555	0.612421052632	0.996576200418	0.612421052632
OSI-930	0.3938115978783408		0.17264033264	0.82735966736	0.17264033264	0.612421052632	0.996576200418	0.612421052632
ML031	0.3947296152548807		0.170727650728	0.829272349272	0.170727650728	0.612421052632	0.996576200418	0.612421052632
etoposide	0.39608082461984895		0.167858627859	0.832141372141	0.167858627859	0.607067669173	0.996576200418	0.607067669173
AZD1480	0.3963316286685359		0.167442827443	0.832557172557	0.167442827443	0.607067669173	0.996576200418	0.607067669173
doxorubicin	0.3974625200284762		0.165155925156	0.834844074844	0.165155925156	0.60641221374	0.996576200418	0.60641221374
PF-184	0.39858540370342466		0.162910602911	0.837089397089	0.162910602911	0.602769230769	0.996576200418	0.602769230769
bleomycin A2	0.3986578455100708		0.162869022869	0.837130977131	0.162869022869	0.602769230769	0.996576200418	0.602769230769
tandutinib	0.3990283429600794		0.162245322245	0.837754677755	0.162245322245	0.602769230769	0.996576200418	0.602769230769
AT7867	0.3997403885849898		0.160540540541	0.839459459459	0.160540540541	0.602769230769	0.996576200418	0.602769230769
LY-2183240	0.4000649623213067		0.160041580042	0.839958419958	0.160041580042	0.602769230769	0.996576200418	0.602769230769
CD-1530	0.40060631938847985		0.158877338877	0.841122661123	0.158877338877	0.602769230769	0.996576200418	0.602769230769
BRD-K66532283	0.4021043060882817		0.1558004158	0.8441995842	0.1558004158	0.602769230769	0.996576200418	0.602769230769
BIBR-1532	0.40244866204035235		0.155135135135	0.844864864865	0.155135135135	0.602769230769	0.996576200418	0.602769230769
lovastatin	0.4025428359475881		0.154760914761	0.845239085239	0.154760914761	0.602769230769	0.996576200418	0.602769230769
STF-31	0.4034432305526058		0.152765072765	0.847234927235	0.152765072765	0.602769230769	0.996576200418	0.602769230769
isoliquiritigenin	0.4054024944170373		0.14869022869	0.85130977131	0.14869022869	0.596	0.996576200418	0.596
SJ-172550	0.40591594825412186		0.147650727651	0.852349272349	0.147650727651	0.596	0.996576200418	0.596
JW-480	0.407030828827047		0.14553014553	0.85446985447	0.14553014553	0.593220338983	0.996576200418	0.593220338983
BRD6340	0.40726291717791463		0.145155925156	0.854844074844	0.145155925156	0.593220338983	0.996576200418	0.593220338983
TGX-221	0.40912332092236625		0.141912681913	0.858087318087	0.141912681913	0.588448275862	0.996576200418	0.588448275862
KU-55933	0.4092548349007342		0.141538461538	0.858461538462	0.141538461538	0.588448275862	0.996576200418	0.588448275862
ELCPK	0.4095053649978		0.141247401247	0.858752598753	0.141247401247	0.588448275862	0.996576200418	0.588448275862
CHIR-99021	0.41069508196671484		0.138835758836	0.861164241164	0.138835758836	0.588448275862	0.996576200418	0.588448275862
GMX-1778	0.4108225686937025		0.138752598753	0.861247401247	0.138752598753	0.588448275862	0.996576200418	0.588448275862
GANT-61	0.410942947779702		0.138544698545	0.861455301455	0.138544698545	0.588448275862	0.996576200418	0.588448275862
NPC-26	0.4112305833496745		0.138045738046	0.861954261954	0.138045738046	0.588448275862	0.996576200418	0.588448275862
SB-225002	0.4113745271390581		0.137920997921	0.862079002079	0.137920997921	0.588448275862	0.996576200418	0.588448275862
BRD-K35604418	0.4126145940211355		0.135758835759	0.864241164241	0.135758835759	0.588448275862	0.996576200418	0.588448275862
dacarbazine	0.4136908611374881		0.133846153846	0.866153846154	0.133846153846	0.588448275862	0.996576200418	0.588448275862
NSC95397	0.4148816356011773		0.131476091476	0.868523908524	0.131476091476	0.588448275862	0.996576200418	0.588448275862
BRD-K33199242	0.41511107494200894		0.131018711019	0.868981288981	0.131018711019	0.588448275862	0.996576200418	0.588448275862
PI-103	0.41544663059590997		0.130602910603	0.869397089397	0.130602910603	0.588448275862	0.996576200418	0.588448275862
BRD1812	0.41576539712357496		0.12972972973	0.87027027027	0.12972972973	0.588448275862	0.996576200418	0.588448275862
bendamustine	0.4160888876076646		0.129147609148	0.870852390852	0.129147609148	0.588448275862	0.996576200418	0.588448275862
ML083	0.4181081852477661		0.125072765073	0.874927234927	0.125072765073	0.588448275862	0.996576200418	0.588448275862
tamatinib	0.41813325968584014		0.125031185031	0.874968814969	0.125031185031	0.588448275862	0.996576200418	0.588448275862
dasatinib	0.4182162244700208		0.12474012474	0.87525987526	0.12474012474	0.588448275862	0.996576200418	0.588448275862
simvastatin	0.41837125489487464		0.124490644491	0.875509355509	0.124490644491	0.588448275862	0.996576200418	0.588448275862
fumonisin B1	0.41950275679789556		0.122702702703	0.877297297297	0.122702702703	0.588448275862	0.996576200418	0.588448275862
pazopanib	0.42109479407915895		0.119376299376	0.880623700624	0.119376299376	0.588448275862	0.996576200418	0.588448275862
BRD-K37390332	0.4214806078789182		0.118586278586	0.881413721414	0.118586278586	0.588448275862	0.996576200418	0.588448275862
cabozantinib	0.42236675252913747		0.116465696466	0.883534303534	0.116465696466	0.588448275862	0.996576200418	0.588448275862
BRD-K11533227	0.42272378022776963		0.115883575884	0.884116424116	0.115883575884	0.588448275862	0.996576200418	0.588448275862
KW-2449	0.425224778964442		0.11185031185	0.88814968815	0.11185031185	0.584782608696	0.996576200418	0.584782608696
BRD-K02492147	0.42568545418024156		0.110935550936	0.889064449064	0.110935550936	0.584782608696	0.996576200418	0.584782608696
IC-87114	0.42570403824167335		0.110893970894	0.889106029106	0.110893970894	0.584782608696	0.996576200418	0.584782608696
thalidomide	0.4262063158944668		0.110020790021	0.889979209979	0.110020790021	0.584782608696	0.996576200418	0.584782608696
SKI-II	0.4269077712508856		0.109272349272	0.890727650728	0.109272349272	0.584782608696	0.996576200418	0.584782608696
CCT036477	0.4271128764340113		0.108773388773	0.891226611227	0.108773388773	0.584782608696	0.996576200418	0.584782608696
CIL70	0.42752538857780437		0.108108108108	0.891891891892	0.108108108108	0.584782608696	0.996576200418	0.584782608696
tivozanib	0.42757985507246915		0.108024948025	0.891975051975	0.108024948025	0.584782608696	0.996576200418	0.584782608696
momelotinib	0.428381708606051		0.106694386694	0.893305613306	0.106694386694	0.584782608696	0.996576200418	0.584782608696
GSK-3 inhibitor IX	0.4290143429456776		0.105405405405	0.894594594595	0.105405405405	0.584782608696	0.996576200418	0.584782608696
cyclophosphamide	0.4291771210588651		0.105155925156	0.894844074844	0.105155925156	0.584782608696	0.996576200418	0.584782608696
ifosfamide	0.4294446219539374		0.104698544699	0.895301455301	0.104698544699	0.584782608696	0.996576200418	0.584782608696
AC55649	0.4309399760655356		0.102245322245	0.897754677755	0.102245322245	0.584782608696	0.996576200418	0.584782608696
BRD8899	0.4310616170714708		0.101912681913	0.898087318087	0.101912681913	0.584782608696	0.996576200418	0.584782608696
isonicotinohydroxamic acid	0.4310803871725304		0.101871101871	0.898128898129	0.101871101871	0.584782608696	0.996576200418	0.584782608696
axitinib	0.43171452535115684		0.100665280665	0.899334719335	0.100665280665	0.584782608696	0.996576200418	0.584782608696
PYR-41	0.43194358133488325		0.100498960499	0.899501039501	0.100498960499	0.584782608696	0.996576200418	0.584782608696
IPR-456	0.43285042476801516		0.0985446985447	0.901455301455	0.0985446985447	0.584782608696	0.996576200418	0.584782608696
CAL-101	0.4336734627352032		0.0967983367983	0.903201663202	0.0967983367983	0.584782608696	0.996576200418	0.584782608696
Compound 7d-cis	0.43625948312142554		0.0923492723493	0.907650727651	0.0923492723493	0.584782608696	0.996576200418	0.584782608696
SID 26681509	0.436346706162519		0.0920582120582	0.907941787942	0.0920582120582	0.584782608696	0.996576200418	0.584782608696
alisertib	0.436375259853664		0.0919750519751	0.908024948025	0.0919750519751	0.584782608696	0.996576200418	0.584782608696
BRD-K71781559	0.4402967257258495		0.0850727650728	0.914927234927	0.0850727650728	0.584571428571	0.996576200418	0.584571428571
A-804598	0.44060279203085045		0.084656964657	0.915343035343	0.084656964657	0.584571428571	0.996576200418	0.584571428571
tacrolimus	0.4409302782422171		0.0842411642412	0.915758835759	0.0842411642412	0.584571428571	0.996576200418	0.584571428571
MGCD-265	0.44140811754008563		0.0835343035343	0.916465696466	0.0835343035343	0.584571428571	0.996576200418	0.584571428571
BRD-A02303741	0.4420766172658949		0.0824116424116	0.917588357588	0.0824116424116	0.584571428571	0.996576200418	0.584571428571
nilotinib	0.4423149908725593		0.082079002079	0.917920997921	0.082079002079	0.584571428571	0.996576200418	0.584571428571
CIL56	0.4423506773505301		0.0819542619543	0.918045738046	0.0819542619543	0.584571428571	0.996576200418	0.584571428571
manumycin A	0.4426790228374097		0.0813305613306	0.918669438669	0.0813305613306	0.584571428571	0.996576200418	0.584571428571
darinaparsin	0.44283371779902087		0.0809979209979	0.919002079002	0.0809979209979	0.584571428571	0.996576200418	0.584571428571
BRD-K61166597	0.44432616618122195		0.0782536382536	0.921746361746	0.0782536382536	0.584571428571	0.996576200418	0.584571428571
pifithrin-alpha	0.4463152619062887		0.0749688149688	0.925031185031	0.0749688149688	0.584571428571	0.996576200418	0.584571428571
BRD-K29086754	0.4465786003521775		0.074553014553	0.925446985447	0.074553014553	0.584571428571	0.996576200418	0.584571428571
NSC 74859	0.4474482984768164		0.073264033264	0.926735966736	0.073264033264	0.584571428571	0.996576200418	0.584571428571
YM-155	0.4486264924149087		0.0714760914761	0.928523908524	0.0714760914761	0.584571428571	0.996576200418	0.584571428571
AZD4547	0.45355333618396027		0.0654054054054	0.934594594595	0.0654054054054	0.561785714286	0.996576200418	0.561785714286
ABT-199	0.4563871454767907		0.060498960499	0.939501039501	0.060498960499	0.529090909091	0.996576200418	0.529090909091
Mdivi-1	0.4570786975226032		0.0594594594595	0.940540540541	0.0594594594595	0.529090909091	0.996576200418	0.529090909091
JW-74	0.457620330682239		0.0590852390852	0.940914760915	0.0590852390852	0.529090909091	0.996576200418	0.529090909091
serdemetan	0.45801531652111066		0.0585031185031	0.941496881497	0.0585031185031	0.529090909091	0.996576200418	0.529090909091
ML162	0.4585269037416393		0.0577130977131	0.942286902287	0.0577130977131	0.529090909091	0.996576200418	0.529090909091
lenvatinib	0.45894398137789394		0.0570893970894	0.942910602911	0.0570893970894	0.529090909091	0.996576200418	0.529090909091
tipifarnib-P1	0.4594602532682121		0.0565072765073	0.943492723493	0.0565072765073	0.529090909091	0.996576200418	0.529090909091
ruxolitinib	0.45987143135656994		0.0561330561331	0.943866943867	0.0561330561331	0.529090909091	0.996576200418	0.529090909091
BRD-K92856060	0.4620021004470437		0.0535135135135	0.946486486486	0.0535135135135	0.529090909091	0.996576200418	0.529090909091
fluvastatin	0.4633962425566601		0.0518087318087	0.948191268191	0.0518087318087	0.529090909091	0.996576200418	0.529090909091
ABT-737	0.4649426391641995		0.0496881496881	0.950311850312	0.0496881496881	0.529090909091	0.996576200418	0.529090909091
avrainvillamide	0.4658980112154601		0.0481912681913	0.951808731809	0.0481912681913	0.526818181818	0.996576200418	0.526818181818
BRD1835	0.46593066557688007		0.0481496881497	0.95185031185	0.0481496881497	0.526818181818	0.996576200418	0.526818181818
AT-406	0.46641735654665767		0.0474428274428	0.952557172557	0.0474428274428	0.526818181818	0.996576200418	0.526818181818
SR1001	0.4674629860476263		0.0463201663202	0.95367983368	0.0463201663202	0.526818181818	0.996576200418	0.526818181818
bexarotene	0.46762130837421956		0.0459459459459	0.954054054054	0.0459459459459	0.526818181818	0.996576200418	0.526818181818
foretinib	0.4687851185691535		0.0444906444906	0.955509355509	0.0444906444906	0.526818181818	0.996576200418	0.526818181818
necrostatin-1	0.4692369724318677		0.0440332640333	0.955966735967	0.0440332640333	0.526818181818	0.996576200418	0.526818181818
TG-100-115	0.47093244139474916		0.0419126819127	0.958087318087	0.0419126819127	0.526818181818	0.996576200418	0.526818181818
MST-312	0.47138294148179305		0.0413721413721	0.958627858628	0.0413721413721	0.526818181818	0.996576200418	0.526818181818
itraconazole	0.4724964519262601		0.0400415800416	0.959958419958	0.0400415800416	0.526818181818	0.996576200418	0.526818181818
epigallocatechin-3-monogallate	0.47335868549630555		0.0392931392931	0.960706860707	0.0392931392931	0.526818181818	0.996576200418	0.526818181818
BRD-K28456706	0.4753861701408273		0.0372557172557	0.962744282744	0.0372557172557	0.526818181818	0.996576200418	0.526818181818
barasertib	0.4784909755796132		0.0344282744283	0.965571725572	0.0344282744283	0.5175	0.996576200418	0.5175
BMS-270394	0.47906019463069116		0.0340956340956	0.965904365904	0.0340956340956	0.5175	0.996576200418	0.5175
RG-108	0.4814298244467718		0.0316008316008	0.968399168399	0.0316008316008	0.506666666667	0.996576200418	0.506666666667
BRD-M00053801	0.48225595207829003		0.0309355509356	0.969064449064	0.0309355509356	0.506666666667	0.996576200418	0.506666666667
pitstop2	0.48297145008432807		0.0303534303534	0.969646569647	0.0303534303534	0.506666666667	0.996576200418	0.506666666667
niclosamide	0.48302765461032643		0.0303534303534	0.969646569647	0.0303534303534	0.506666666667	0.996576200418	0.506666666667
olaparib	0.4830767121265786		0.0303118503119	0.969688149688	0.0303118503119	0.506666666667	0.996576200418	0.506666666667
PLX-4032	0.48325192443394216		0.0302702702703	0.96972972973	0.0302702702703	0.506666666667	0.996576200418	0.506666666667
tretinoin	0.48341326417465963		0.0301455301455	0.969854469854	0.0301455301455	0.506666666667	0.996576200418	0.506666666667
BRD-K99006945	0.4839399971947791		0.0296881496881	0.970311850312	0.0296881496881	0.506666666667	0.996576200418	0.506666666667
BRD-K26531177	0.4918797479977072		0.0241995841996	0.9758004158	0.0241995841996	0.506666666667	0.996576200418	0.506666666667
NSC48300	0.49691966815791827		0.02079002079	0.97920997921	0.02079002079	0.47619047619	0.996576200418	0.47619047619
BRD9647	0.4979415698493497	0.01855367699892365	0.0203742203742	0.979625779626	0.0203742203742	0.47619047619	0.996576200418	0.47619047619
IU1	0.5008562906685087	0.1279072590643521	0.0188357588358	0.981164241164	0.0188357588358	0.47619047619	0.996576200418	0.47619047619
NSC23766	0.5028574544346653	0.02474571291913016	0.0173804573805	0.98261954262	0.0173804573805	0.464444444444	0.996576200418	0.464444444444
chlorambucil	0.5032828779016508	0.05882186732366034	0.0171725571726	0.982827442827	0.0171725571726	0.464444444444	0.996576200418	0.464444444444
staurosporine	0.5047404871003155	0.02230819084011101	0.0165072765073	0.983492723493	0.0165072765073	0.464444444444	0.996576200418	0.464444444444
XL765	0.5051997001034583	0.018446321072179816	0.0161746361746	0.983825363825	0.0161746361746	0.464444444444	0.996576200418	0.464444444444
NSC30930	0.5052316564683192	0.07618587145932806	0.0161330561331	0.983866943867	0.0161330561331	0.464444444444	0.996576200418	0.464444444444
CAY10576	0.506357907291405	0.0590564892682076	0.0156756756757	0.984324324324	0.0156756756757	0.464444444444	0.996576200418	0.464444444444
BRD-K51490254	0.5066685608707949	0.14552517330882248	0.0153846153846	0.984615384615	0.0153846153846	0.464444444444	0.996576200418	0.464444444444
SGX-523	0.5068769362932687	0.022155650491592425	0.0152598752599	0.98474012474	0.0152598752599	0.464444444444	0.996576200418	0.464444444444
birinapant	0.5103606603976902	0.15633070698066837	0.0140124740125	0.985987525988	0.0140124740125	0.464444444444	0.996576200418	0.464444444444
BRD-K51831558	0.517051197783375	0.11478060058239972	0.0118503118503	0.98814968815	0.0118503118503	0.464444444444	0.996576200418	0.464444444444
ML239	0.5192860554627237	0.02593301082488611	0.0108523908524	0.989147609148	0.0108523908524	0.464444444444	0.996576200418	0.464444444444
PRIMA-1-Met	0.523382981718448	0.12341391629771746	0.00968814968815	0.990311850312	0.00968814968815	0.464444444444	0.996576200418	0.464444444444
ML050	0.5259587356370551	0.12200649835692805	0.00898128898129	0.991018711019	0.00898128898129	0.464444444444	0.996576200418	0.464444444444
compound 1B	0.5271923943203448	0.02189772261604498	0.00873180873181	0.991268191268	0.00873180873181	0.464444444444	0.996576200418	0.464444444444
dabrafenib	0.5295205554396835	0.027179069252021626	0.00819126819127	0.991808731809	0.00819126819127	0.464444444444	0.996576200418	0.464444444444
tubastatin A	0.5319670564809987	0.13604927263215078	0.00756756756757	0.992432432432	0.00756756756757	0.464444444444	0.996576200418	0.464444444444
CIL41	0.5423546697084245	0.024549291872606713	0.00515592515593	0.994844074844	0.00515592515593	0.464444444444	0.996916666667	0.464444444444
PLX-4720	0.5638346260079786	0.021941362309105435	0.0024948024948	0.997505197505	0.0024948024948	0.464444444444	0.997505197505	0.464444444444
