	score	0.95 moe	p-value (forward)	p-value (reverse)	p-value	fdr (forward)	fdr (reverse)	fdr
staurosporine	-0.5721805306958021	0.01618027712750976	1.0	4.158004158004158e-05	4.158004158004158e-05	1.0	0.01	0.01
BRD-K99006945	-0.5460486786399165	0.06377221061719363	0.999958419958	4.158004158e-05	4.158004158e-05	1.0	0.01	0.01
dabrafenib	-0.5194774629921307	0.14335679551602953	0.999625779626	0.00037422037422	0.00037422037422	1.0	0.06	0.06
compound 1B	-0.48698048343894407	0.08654738048358783	0.998586278586	0.00141372141372	0.00141372141372	1.0	0.17	0.17
PF-4800567 hydrochloride	-0.4583341166321565	0.1450492506932277	0.995675675676	0.00432432432432	0.00432432432432	1.0	0.302222222222	0.302222222222
BRD-K42260513	-0.4563159653549789	0.10497672340709485	0.995467775468	0.00453222453222	0.00453222453222	1.0	0.302222222222	0.302222222222
ML162	-0.45305778247984857	0.01850418795228324	0.995051975052	0.00494802494802	0.00494802494802	1.0	0.302222222222	0.302222222222
AZD4547	-0.4512160594764169	0.010292093608561185	0.99446985447	0.00553014553015	0.00553014553015	1.0	0.302222222222	0.302222222222
SGX-523	-0.4505863181030768	0.01380255807293799	0.994345114345	0.00565488565489	0.00565488565489	1.0	0.302222222222	0.302222222222
CBB-1007	-0.4477153757413711	0.10568988715693255	0.993638253638	0.00636174636175	0.00636174636175	1.0	0.306	0.306
CIL55	-0.4432426416486593	0.08426793432772552	0.992931392931	0.00706860706861	0.00706860706861	1.0	0.309090909091	0.309090909091
SZ4TA2	-0.43018391218421687	0.1081539371189121	0.988607068607	0.0113929313929	0.0113929313929	1.0	0.456666666667	0.456666666667
PLX-4720	-0.4248277770318011	0.014385256068082272	0.986652806653	0.0133471933472	0.0133471933472	1.0	0.477142857143	0.477142857143
NSC30930	-0.42252873614097	0.10977560527988241	0.986112266112	0.0138877338877	0.0138877338877	1.0	0.477142857143	0.477142857143
cediranib	-0.4151560825131036	0.018940110184452973	0.983118503119	0.0168814968815	0.0168814968815	1.0	0.515714285714	0.515714285714
BRD-K26531177	-0.4106212689870469	0.12973337583435768	0.980582120582	0.0194178794179	0.0194178794179	1.0	0.515714285714	0.515714285714
imatinib	-0.4064847923501155	0.12847613974147323	0.978295218295	0.0217047817048	0.0217047817048	1.0	0.515714285714	0.515714285714
BRD-A05715709	-0.4061904589320224	0.08579046188149576	0.978045738046	0.0219542619543	0.0219542619543	1.0	0.515714285714	0.515714285714
BRD-K51831558	-0.4029473101929694	0.07781000181526737	0.975592515593	0.0244074844075	0.0244074844075	1.0	0.515714285714	0.515714285714
fluvastatin	-0.4015578832410685	0.013407736300848525	0.974677754678	0.0253222453222	0.0253222453222	1.0	0.515714285714	0.515714285714
CCT036477	-0.40080034750117555		0.97422037422	0.0257796257796	0.0257796257796	1.0	0.515714285714	0.515714285714
BRD9647	-0.40036168722994997		0.973846153846	0.0261538461538	0.0261538461538	1.0	0.515714285714	0.515714285714
PLX-4032	-0.3994838086653516		0.973222453222	0.0267775467775	0.0267775467775	1.0	0.515714285714	0.515714285714
JW-55	-0.3994837023452915		0.973222453222	0.0267775467775	0.0267775467775	1.0	0.515714285714	0.515714285714
ML239	-0.39826731074526656		0.972349272349	0.0276507276507	0.0276507276507	1.0	0.515714285714	0.515714285714
avicin D	-0.39712672617425143		0.971767151767	0.0282328482328	0.0282328482328	1.0	0.515714285714	0.515714285714
simvastatin	-0.39481059674336955		0.970062370062	0.0299376299376	0.0299376299376	1.0	0.515714285714	0.515714285714
CAY10576	-0.39444739473280105		0.969979209979	0.0300207900208	0.0300207900208	1.0	0.515714285714	0.515714285714
BCL-LZH-4	-0.3929359525286714		0.968648648649	0.0313513513514	0.0313513513514	1.0	0.52	0.52
CHIR-99021	-0.39140199303586837		0.966985446985	0.0330145530146	0.0330145530146	1.0	0.529333333333	0.529333333333
TGX-221	-0.389250232907119		0.964656964657	0.035343035343	0.035343035343	1.0	0.529696969697	0.529696969697
IC-87114	-0.38921339805847593		0.964615384615	0.0353846153846	0.0353846153846	1.0	0.529696969697	0.529696969697
PRIMA-1-Met	-0.38831774460011914		0.963659043659	0.036340956341	0.036340956341	1.0	0.529696969697	0.529696969697
BRD-K33199242	-0.38476659369083555		0.959792099792	0.0402079002079	0.0402079002079	1.0	0.530943396226	0.530943396226
lovastatin	-0.38220721957718956		0.95683991684	0.0431600831601	0.0431600831601	1.0	0.530943396226	0.530943396226
XL765	-0.3811643209858219		0.955592515593	0.0444074844075	0.0444074844075	1.0	0.530943396226	0.530943396226
BMS-270394	-0.3802385281480208		0.95446985447	0.0455301455301	0.0455301455301	1.0	0.530943396226	0.530943396226
AZD1480	-0.37916148797887766		0.953471933472	0.0465280665281	0.0465280665281	1.0	0.530943396226	0.530943396226
dasatinib	-0.3791364313129948		0.953471933472	0.0465280665281	0.0465280665281	1.0	0.530943396226	0.530943396226
lenvatinib	-0.3784784629321256		0.952307692308	0.0476923076923	0.0476923076923	1.0	0.530943396226	0.530943396226
A-804598	-0.3779898882472015		0.951517671518	0.0484823284823	0.0484823284823	1.0	0.530943396226	0.530943396226
1S,3R-RSL-3	-0.3777814303816039		0.951351351351	0.0486486486486	0.0486486486486	1.0	0.530943396226	0.530943396226
AT-406	-0.37723465935781153		0.950436590437	0.0495634095634	0.0495634095634	1.0	0.530943396226	0.530943396226
cytochalasin B	-0.37658349051998663		0.94972972973	0.0502702702703	0.0502702702703	1.0	0.530943396226	0.530943396226
GSK-3 inhibitor IX	-0.37556920090671664		0.948981288981	0.0510187110187	0.0510187110187	1.0	0.530943396226	0.530943396226
nilotinib	-0.37537197361240554		0.94869022869	0.0513097713098	0.0513097713098	1.0	0.530943396226	0.530943396226
TG-100-115	-0.3742646572355662		0.947401247401	0.0525987525988	0.0525987525988	1.0	0.530943396226	0.530943396226
ruxolitinib	-0.3735081990021789		0.946528066528	0.0534719334719	0.0534719334719	1.0	0.530943396226	0.530943396226
JW-74	-0.37194543282780596		0.94474012474	0.0552598752599	0.0552598752599	1.0	0.530943396226	0.530943396226
BRD-K49290616	-0.3708313341628437		0.943243243243	0.0567567567568	0.0567567567568	1.0	0.530943396226	0.530943396226
tubastatin A	-0.3702450655028818		0.942577962578	0.057422037422	0.057422037422	1.0	0.530943396226	0.530943396226
NSC23766	-0.37012270505540756		0.942536382536	0.0574636174636	0.0574636174636	1.0	0.530943396226	0.530943396226
IPR-456	-0.36935297163847974		0.941496881497	0.0585031185031	0.0585031185031	1.0	0.530943396226	0.530943396226
ML210	-0.367618086940102		0.938877338877	0.0611226611227	0.0611226611227	1.0	0.539272727273	0.539272727273
SR1001	-0.3673408421260714		0.938336798337	0.0616632016632	0.0616632016632	1.0	0.539272727273	0.539272727273
BRD-K48477130	-0.3649772792009393		0.935135135135	0.0648648648649	0.0648648648649	1.0	0.557142857143	0.557142857143
thalidomide	-0.3625362616848245		0.931143451143	0.0688565488565	0.0688565488565	1.0	0.581052631579	0.581052631579
BRD-K29086754	-0.36007958629748865		0.927484407484	0.0725155925156	0.0725155925156	1.0	0.598644067797	0.598644067797
sildenafil	-0.35936074234012527		0.92656964657	0.0734303534304	0.0734303534304	1.0	0.598644067797	0.598644067797
GSK2636771	-0.35655472080632084		0.92182952183	0.0781704781705	0.0781704781705	1.0	0.626666666667	0.626666666667
pazopanib	-0.3550442335362052		0.919417879418	0.0805821205821	0.0805821205821	1.0	0.635409836066	0.635409836066
CAL-101	-0.3530297215477018		0.9158004158	0.0841995841996	0.0841995841996	1.0	0.644444444444	0.644444444444
RG-108	-0.3528619038460995		0.915592515593	0.0844074844075	0.0844074844075	1.0	0.644444444444	0.644444444444
tacrolimus	-0.3497686843948252		0.909937629938	0.0900623700624	0.0900623700624	1.0	0.664411764706	0.664411764706
KH-CB19	-0.3493972030486289		0.909438669439	0.0905613305613	0.0905613305613	1.0	0.664411764706	0.664411764706
PYR-41	-0.34881149632363445		0.908108108108	0.0918918918919	0.0918918918919	1.0	0.664411764706	0.664411764706
CIL41	-0.34804864280497		0.906528066528	0.0934719334719	0.0934719334719	1.0	0.664411764706	0.664411764706
Compound 1541A	-0.34776046610717193		0.906070686071	0.0939293139293	0.0939293139293	1.0	0.664411764706	0.664411764706
olaparib	-0.3467953777763478		0.904033264033	0.0959667359667	0.0959667359667	1.0	0.668985507246	0.668985507246
CIL56	-0.344901090678022		0.900083160083	0.0999168399168	0.0999168399168	1.0	0.685070422535	0.685070422535
ML083	-0.344286753720116		0.898877338877	0.101122661123	0.101122661123	1.0	0.685070422535	0.685070422535
isonicotinohydroxamic acid	-0.33887713396269487		0.88869022869	0.11130977131	0.11130977131	1.0	0.737534246575	0.737534246575
veliparib	-0.3385767644889216		0.888066528067	0.111933471933	0.111933471933	1.0	0.737534246575	0.737534246575
tandutinib	-0.3377222960088137		0.886444906445	0.113555093555	0.113555093555	1.0	0.738108108108	0.738108108108
UNC0638	-0.33685467269781066		0.88395010395	0.11604989605	0.11604989605	1.0	0.741578947368	0.741578947368
cyclophosphamide	-0.33650306547352066		0.882827442827	0.117172557173	0.117172557173	1.0	0.741578947368	0.741578947368
fumonisin B1	-0.33427095757062825		0.877962577963	0.122037422037	0.122037422037	1.0	0.757692307692	0.757692307692
cabozantinib	-0.33386511152302045		0.877130977131	0.122869022869	0.122869022869	1.0	0.757692307692	0.757692307692
AT7867	-0.33259419182742855		0.874095634096	0.125904365904	0.125904365904	1.0	0.766582278481	0.766582278481
CIL70	-0.3309376914524506		0.870103950104	0.129896049896	0.129896049896	1.0	0.777037037037	0.777037037037
KW-2449	-0.3304826035111005		0.869147609148	0.130852390852	0.130852390852	1.0	0.777037037037	0.777037037037
tivozanib	-0.3293617638910527		0.86632016632	0.13367983368	0.13367983368	1.0	0.778202247191	0.778202247191
erastin	-0.32752892820184093		0.861704781705	0.138295218295	0.138295218295	1.0	0.778202247191	0.778202247191
BRD-K94991378	-0.32748659306224587		0.86158004158	0.13841995842	0.13841995842	1.0	0.778202247191	0.778202247191
foretinib	-0.3273313739589801		0.861081081081	0.138918918919	0.138918918919	1.0	0.778202247191	0.778202247191
palmostatin B	-0.3272186512780862		0.860831600832	0.139168399168	0.139168399168	1.0	0.778202247191	0.778202247191
ML334 diastereomer	-0.32634317937980484		0.859043659044	0.140956340956	0.140956340956	1.0	0.778202247191	0.778202247191
BRD8899	-0.3256957017627336		0.857505197505	0.142494802495	0.142494802495	1.0	0.778202247191	0.778202247191
axitinib	-0.32502084595497943		0.856008316008	0.143991683992	0.143991683992	1.0	0.778202247191	0.778202247191
BRD-K37390332	-0.3230730230350062		0.85185031185	0.14814968815	0.14814968815	1.0	0.78152173913	0.78152173913
BRD-K34485477	-0.32263674784040414		0.850893970894	0.149106029106	0.149106029106	1.0	0.78152173913	0.78152173913
ML320	-0.32251351995612		0.85051975052	0.14948024948	0.14948024948	1.0	0.78152173913	0.78152173913
BRD-K14844214	-0.3184903037503797		0.841330561331	0.158669438669	0.158669438669	1.0	0.82064516129	0.82064516129
NPC-26	-0.3171429977205637		0.837796257796	0.162203742204	0.162203742204	1.0	0.83	0.83
bendamustine	-0.3161973649370944		0.835592515593	0.164407484407	0.164407484407	1.0	0.832421052632	0.832421052632
MGCD-265	-0.31393552444606143		0.829771309771	0.170228690229	0.170228690229	1.0	0.852916666667	0.852916666667
Ki8751	-0.31033962138641163		0.820332640333	0.179667359667	0.179667359667	1.0	0.876	0.876
CID-5951923	-0.3099715419585364		0.819376299376	0.180623700624	0.180623700624	1.0	0.876	0.876
tamatinib	-0.3095527274387127		0.818461538462	0.181538461538	0.181538461538	1.0	0.876	0.876
ifosfamide	-0.3092153408383147		0.817879417879	0.182120582121	0.182120582121	1.0	0.876	0.876
vorapaxar	-0.3057449732630558		0.808024948025	0.191975051975	0.191975051975	1.0	0.914257425743	0.914257425743
BRD-K75293299	-0.30492692669951005		0.805904365904	0.194095634096	0.194095634096	1.0	0.915294117647	0.915294117647
sunitinib	-0.3030991614163818		0.800831600832	0.199168399168	0.199168399168	1.0	0.930097087379	0.930097087379
FGIN-1-27	-0.30167040538575957		0.796881496881	0.203118503119	0.203118503119	1.0	0.932761904762	0.932761904762
navitoclax	-0.30148064293748883		0.796382536383	0.203617463617	0.203617463617	1.0	0.932761904762	0.932761904762
BRD-K44224150	-0.3004441001888628		0.793222453222	0.206777546778	0.206777546778	1.0	0.938301886792	0.938301886792
nintedanib	-0.2984136150367716		0.787525987526	0.212474012474	0.212474012474	1.0	0.955140186916	0.955140186916
AC55649	-0.29755681665431394		0.785031185031	0.214968814969	0.214968814969	1.0	0.957407407407	0.957407407407
pluripotin	-0.2961348824929095		0.780665280665	0.219334719335	0.219334719335	1.0	0.959090909091	0.959090909091
quizartinib	-0.2961121232048217		0.780665280665	0.219334719335	0.219334719335	1.0	0.959090909091	0.959090909091
NSC95397	-0.2911338470755714		0.766153846154	0.233846153846	0.233846153846	0.993315363881	0.999916839917	0.999916839917
SJ-172550	-0.2909724714635892		0.76577962578	0.23422037422	0.23422037422	0.993315363881	0.999916839917	0.999916839917
momelotinib	-0.29018398583134924		0.763326403326	0.236673596674	0.236673596674	0.993315363881	0.999916839917	0.999916839917
BRD-K27224038	-0.2899206157116207		0.762702702703	0.237297297297	0.237297297297	0.993315363881	0.999916839917	0.999916839917
pifithrin-alpha	-0.2882230954071551		0.757214137214	0.242785862786	0.242785862786	0.99242506812	0.999916839917	0.999916839917
GANT-61	-0.28610055279373403		0.750602910603	0.249397089397	0.249397089397	0.986448087432	0.999916839917	0.999916839917
BRD-K96970199	-0.28283010961293376		0.741912681913	0.258087318087	0.258087318087	0.977698630137	0.999916839917	0.999916839917
temozolomide	-0.27936560260487336		0.731808731809	0.268191268191	0.268191268191	0.967032967033	0.999916839917	0.999916839917
NVP-BSK805	-0.2786005705494107		0.729189189189	0.270810810811	0.270810810811	0.966225895317	0.999916839917	0.999916839917
myriocin	-0.2778268557794451		0.72656964657	0.27343035343	0.27343035343	0.965414364641	0.999916839917	0.999916839917
AM-580	-0.2777678653273936		0.726444906445	0.273555093555	0.273555093555	0.965414364641	0.999916839917	0.999916839917
JW-480	-0.2769792503120746		0.724449064449	0.275550935551	0.275550935551	0.965414364641	0.999916839917	0.999916839917
BRD-K71935468	-0.27066023078533485		0.70316008316	0.29683991684	0.29683991684	0.942116991643	0.999916839917	0.999916839917
MK-0752	-0.26865085020048374		0.696174636175	0.303825363825	0.303825363825	0.935363128492	0.999916839917	0.999916839917
BRD-K86535717	-0.2674282111679511		0.691891891892	0.308108108108	0.308108108108	0.932212885154	0.999916839917	0.999916839917
AZD6482	-0.2668491122218403		0.690353430353	0.309646569647	0.309646569647	0.932212885154	0.999916839917	0.999916839917
BRD-K84807411	-0.2668185180911444		0.69027027027	0.30972972973	0.30972972973	0.932212885154	0.999916839917	0.999916839917
PI-103	-0.2659267828897778		0.687193347193	0.312806652807	0.312806652807	0.932212885154	0.999916839917	0.999916839917
PRL-3 inhibitor I	-0.2650169548970131		0.684324324324	0.315675675676	0.315675675676	0.932212885154	0.999916839917	0.999916839917
dexamethasone	-0.2637449120814938		0.679168399168	0.320831600832	0.320831600832	0.928068181818	0.999916839917	0.999916839917
AZD7762	-0.2571697477513713		0.656340956341	0.343659043659	0.343659043659	0.89943019943	0.999916839917	0.999916839917
UNC0321	-0.2568757854285627		0.655218295218	0.344781704782	0.344781704782	0.89943019943	0.999916839917	0.999916839917
TG-101348	-0.2566121137444928		0.653887733888	0.346112266112	0.346112266112	0.89943019943	0.999916839917	0.999916839917
betulinic acid	-0.25613504937868625		0.65185031185	0.34814968815	0.34814968815	0.89943019943	0.999916839917	0.999916839917
CD-1530	-0.2557663902029461		0.650852390852	0.349147609148	0.349147609148	0.89943019943	0.999916839917	0.999916839917
SID 26681509	-0.2553118661562001		0.649230769231	0.350769230769	0.350769230769	0.89943019943	0.999916839917	0.999916839917
R428	-0.25206825800340743		0.639002079002	0.360997920998	0.360997920998	0.890898550725	0.999916839917	0.999916839917
SMER-3	-0.2520655930847756		0.639002079002	0.360997920998	0.360997920998	0.890898550725	0.999916839917	0.999916839917
darinaparsin	-0.2508184793083393		0.634802494802	0.365197505198	0.365197505198	0.890204081633	0.999916839917	0.999916839917
CI-976	-0.2502408815646811		0.633056133056	0.366943866944	0.366943866944	0.890204081633	0.999916839917	0.999916839917
PIK-93	-0.2472698575532744		0.623201663202	0.376798336798	0.376798336798	0.879061583578	0.999916839917	0.999916839917
BRD-K34099515	-0.24671699673490155		0.621247401247	0.378752598753	0.378752598753	0.878882352941	0.999916839917	0.999916839917
PF-184	-0.2460668500015102		0.619085239085	0.380914760915	0.380914760915	0.878407079646	0.999916839917	0.999916839917
BEC	-0.24289563042177018		0.609438669439	0.390561330561	0.390561330561	0.867278106509	0.999916839917	0.999916839917
cucurbitacin I	-0.23909242720977678		0.598004158004	0.401995841996	0.401995841996	0.85353115727	0.999916839917	0.999916839917
ZSTK474	-0.23456822912460887		0.583825363825	0.416174636175	0.416174636175	0.835773809524	0.999916839917	0.999916839917
methylstat	-0.22835448478021447		0.565821205821	0.434178794179	0.434178794179	0.812417910448	0.999916839917	0.999916839917
LE-135	-0.22233740524691936		0.549438669439	0.450561330561	0.450561330561	0.79125748503	0.999916839917	0.999916839917
BRD-K30019337	-0.2190209527914619		0.541164241164	0.458835758836	0.458835758836	0.781681681682	0.999916839917	0.999916839917
DBeQ	-0.21280519663425626		0.527484407484	0.472515592516	0.472515592516	0.76421686747	0.999916839917	0.999916839917
silmitasertib	-0.20197071732758065		0.511185031185	0.488814968815	0.488814968815	0.742839879154	0.999916839917	0.999916839917
tigecycline	-0.17506550523403716		0.491351351351	0.508648648649	0.508648648649	0.716181818182	0.999916839917	0.999916839917
obatoclax	0.18066229574211137		0.484864864865	0.515135135135	0.484864864865	0.708875379939	0.999916839917	0.708875379939
temsirolimus	0.1885317524252174		0.480956340956	0.519043659044	0.480956340956	0.705304878049	0.999916839917	0.705304878049
QW-BI-011	0.21123241843961674		0.452681912682	0.547318087318	0.452681912682	0.665871559633	0.999916839917	0.665871559633
EX-527	0.21442690983347396		0.447276507277	0.552723492723	0.447276507277	0.659938650307	0.999916839917	0.659938650307
teniposide	0.2173228253435352		0.441081081081	0.558918918919	0.441081081081	0.6528	0.999916839917	0.6528
parthenolide	0.22041514467782633		0.433762993763	0.566237006237	0.433762993763	0.643950617284	0.999916839917	0.643950617284
BRD4132	0.22379208385182758		0.425405405405	0.574594594595	0.425405405405	0.633498452012	0.999916839917	0.633498452012
BRD8958	0.2262518746540297		0.419126819127	0.580873180873	0.419126819127	0.626086956522	0.999916839917	0.626086956522
myricetin	0.2277871059370472		0.414677754678	0.585322245322	0.414677754678	0.621370716511	0.999916839917	0.621370716511
PRIMA-1	0.23475739631561254		0.39446985447	0.60553014553	0.39446985447	0.5929375	0.999916839917	0.5929375
AZD8055	0.2351099993760242		0.393596673597	0.606403326403	0.393596673597	0.5929375	0.999916839917	0.5929375
SRT-1720	0.23575458749971692		0.392182952183	0.607817047817	0.392182952183	0.5929375	0.999916839917	0.5929375
BRD-K63431240	0.23656984250556218		0.389854469854	0.610145530146	0.389854469854	0.591545741325	0.999916839917	0.591545741325
fulvestrant	0.23745379401432695		0.387401247401	0.612598752599	0.387401247401	0.589683544304	0.999916839917	0.589683544304
nutlin-3	0.24222796891604256		0.372182952183	0.627817047817	0.372182952183	0.568317460317	0.999916839917	0.568317460317
rigosertib	0.24269886868116505		0.370561330561	0.629438669439	0.370561330561	0.567643312102	0.999916839917	0.567643312102
SN-38	0.24314373090771074		0.369230769231	0.630769230769	0.369230769231	0.567412140575	0.999916839917	0.567412140575
ELCPK	0.24323957700387477		0.36893970894	0.63106029106	0.36893970894	0.567412140575	0.999916839917	0.567412140575
BRD-K96431673	0.24366973849463838		0.367733887734	0.632266112266	0.367733887734	0.567412140575	0.999916839917	0.567412140575
JQ-1	0.24464529049671507		0.364656964657	0.635343035343	0.364656964657	0.565806451613	0.999916839917	0.565806451613
parbendazole	0.24545492875573854		0.362037422037	0.637962577963	0.362037422037	0.56355987055	0.999916839917	0.56355987055
B02	0.24568421357483328		0.361330561331	0.638669438669	0.361330561331	0.56355987055	0.999916839917	0.56355987055
WP1130	0.24610648488630504		0.359625779626	0.640374220374	0.359625779626	0.56345276873	0.999916839917	0.56345276873
VX-680	0.24840402366293762		0.351891891892	0.648108108108	0.351891891892	0.553137254902	0.999916839917	0.553137254902
niclosamide	0.2490800360163775		0.349563409563	0.650436590437	0.349563409563	0.551278688525	0.999916839917	0.551278688525
MG-132	0.24967394842029528		0.347775467775	0.652224532225	0.347775467775	0.550263157895	0.999916839917	0.550263157895
doxorubicin	0.25014318105682576		0.346528066528	0.653471933472	0.346528066528	0.550099009901	0.999916839917	0.550099009901
PF-573228	0.25073755840192863		0.3441995842	0.6558004158	0.3441995842	0.54821192053	0.999916839917	0.54821192053
regorafenib	0.25185833752954884		0.340415800416	0.659584199584	0.340415800416	0.543986710963	0.999916839917	0.543986710963
LY-2183240	0.25250992093995506		0.338253638254	0.661746361746	0.338253638254	0.542333333333	0.999916839917	0.542333333333
masitinib	0.2526290245064292		0.337920997921	0.662079002079	0.337920997921	0.542333333333	0.999916839917	0.542333333333
triazolothiadiazine	0.2530865573690633		0.335841995842	0.664158004158	0.335841995842	0.542080536913	0.999916839917	0.542080536913
daporinad	0.2542733703659869		0.332182952183	0.667817047817	0.332182952183	0.53797979798	0.999916839917	0.53797979798
KU 0060648	0.25451455965741715		0.331434511435	0.668565488565	0.331434511435	0.53797979798	0.999916839917	0.53797979798
ML312	0.2549842880467216		0.330145530146	0.669854469854	0.330145530146	0.53797979798	0.999916839917	0.53797979798
WZ4002	0.25664116991171965		0.325654885655	0.674345114345	0.325654885655	0.532789115646	0.999916839917	0.532789115646
vincristine	0.2567886843559475		0.325197505198	0.674802494802	0.325197505198	0.532789115646	0.999916839917	0.532789115646
BRD-K70511574	0.25740442026085525		0.323035343035	0.676964656965	0.323035343035	0.532123287671	0.999916839917	0.532123287671
SB-225002	0.2578099078823208		0.321663201663	0.678336798337	0.321663201663	0.531683848797	0.999916839917	0.531683848797
BRD-K27986637	0.2578659043595957		0.321496881497	0.678503118503	0.321496881497	0.531683848797	0.999916839917	0.531683848797
NSC632839	0.25916168623079816		0.31762993763	0.68237006237	0.31762993763	0.528650519031	0.999916839917	0.528650519031
BMS-536924	0.25951838158643686		0.316299376299	0.683700623701	0.316299376299	0.528263888889	0.999916839917	0.528263888889
ETP-46464	0.25985517125760227		0.315218295218	0.684781704782	0.315218295218	0.528263888889	0.999916839917	0.528263888889
sirolimus	0.2605604619323003		0.312765072765	0.687234927235	0.312765072765	0.526013986014	0.999916839917	0.526013986014
BRD-A02303741	0.26146582011731667		0.310145530146	0.689854469854	0.310145530146	0.523438596491	0.999916839917	0.523438596491
SNX-2112	0.2625159982494389		0.306694386694	0.693305613306	0.306694386694	0.519436619718	0.999916839917	0.519436619718
BRD9876	0.263340878949187		0.303866943867	0.696133056133	0.303866943867	0.516466431095	0.999916839917	0.516466431095
BRD-K35604418	0.2649024268547246		0.298752598753	0.701247401247	0.298752598753	0.509574468085	0.999916839917	0.509574468085
BRD-K34222889	0.2664313646060779		0.29343035343	0.70656964657	0.29343035343	0.502277580071	0.999916839917	0.502277580071
BRD-K66532283	0.26645678255225735		0.293222453222	0.706777546778	0.293222453222	0.502277580071	0.999916839917	0.502277580071
piperlongumine	0.26671656582358017		0.292266112266	0.707733887734	0.292266112266	0.502277580071	0.999916839917	0.502277580071
ciclosporin	0.26674069608182505		0.292224532225	0.707775467775	0.292224532225	0.502277580071	0.999916839917	0.502277580071
HLI 373	0.2670107973116585		0.291517671518	0.708482328482	0.291517671518	0.502277580071	0.999916839917	0.502277580071
etoposide	0.26752322724194955		0.290145530146	0.709854469854	0.290145530146	0.502277580071	0.999916839917	0.502277580071
topotecan	0.26771520388722087		0.289604989605	0.710395010395	0.289604989605	0.502277580071	0.999916839917	0.502277580071
ML031	0.26856369588343837		0.286819126819	0.713180873181	0.286819126819	0.502277580071	0.999916839917	0.502277580071
cimetidine	0.26870995867108666		0.28632016632	0.71367983368	0.28632016632	0.502277580071	0.999916839917	0.502277580071
bortezomib	0.268817952529279		0.285904365904	0.714095634096	0.285904365904	0.502277580071	0.999916839917	0.502277580071
abiraterone	0.2693720817185094		0.284532224532	0.715467775468	0.284532224532	0.502277580071	0.999916839917	0.502277580071
QS-11	0.2694367173916423		0.284365904366	0.715634095634	0.284365904366	0.502277580071	0.999916839917	0.502277580071
BRD-K55116708	0.26977664288496284		0.283575883576	0.716424116424	0.283575883576	0.502277580071	0.999916839917	0.502277580071
salermide	0.2701091881668861		0.282827442827	0.717172557173	0.282827442827	0.502277580071	0.999916839917	0.502277580071
GDC-0941	0.270487606255318		0.281663201663	0.718336798337	0.281663201663	0.502277580071	0.999916839917	0.502277580071
GSK1059615	0.2710076927481432		0.279875259875	0.720124740125	0.279875259875	0.502277580071	0.999916839917	0.502277580071
WZ8040	0.27108135917513154		0.279667359667	0.720332640333	0.279667359667	0.502277580071	0.999916839917	0.502277580071
Ch-55	0.27129184984735155		0.279417879418	0.720582120582	0.279417879418	0.502277580071	0.999916839917	0.502277580071
BRD-K48334597	0.2714689422599399		0.27896049896	0.72103950104	0.27896049896	0.502277580071	0.999916839917	0.502277580071
purmorphamine	0.2721316571553482		0.276548856549	0.723451143451	0.276548856549	0.502277580071	0.999916839917	0.502277580071
LRRK2-IN-1	0.2724038285939383		0.2758004158	0.7241995842	0.2758004158	0.502277580071	0.999916839917	0.502277580071
FQI-2	0.2751627227681983		0.268607068607	0.731392931393	0.268607068607	0.496923076923	0.999916839917	0.496923076923
tipifarnib-P2	0.27553312762597065		0.267567567568	0.732432432432	0.267567567568	0.496911196911	0.999916839917	0.496911196911
saracatinib	0.27593327631447817		0.266403326403	0.733596673597	0.266403326403	0.496666666667	0.999916839917	0.496666666667
crizotinib	0.27601341820020153		0.266070686071	0.733929313929	0.266070686071	0.496666666667	0.999916839917	0.496666666667
OSI-027	0.2770279033788969		0.262952182952	0.737047817048	0.262952182952	0.4940625	0.999916839917	0.4940625
oligomycin A	0.27781863777818294		0.260873180873	0.739126819127	0.260873180873	0.492078431373	0.999916839917	0.492078431373
MI-1	0.2783449555018919		0.259417879418	0.740582120582	0.259417879418	0.49125984252	0.999916839917	0.49125984252
gemcitabine	0.27841533976803434		0.25920997921	0.74079002079	0.25920997921	0.49125984252	0.999916839917	0.49125984252
STF-31	0.2785222676337252		0.258877338877	0.741122661123	0.258877338877	0.49125984252	0.999916839917	0.49125984252
AZ-3146	0.2790802664024863		0.256881496881	0.743118503119	0.256881496881	0.49125984252	0.999916839917	0.49125984252
paclitaxel	0.279464688351095		0.255509355509	0.744490644491	0.255509355509	0.49125984252	0.999916839917	0.49125984252
AGK-2	0.28008747740937495		0.25367983368	0.74632016632	0.25367983368	0.490040160643	0.999916839917	0.490040160643
NVP-TAE684	0.28044239170059615		0.252224532225	0.747775467775	0.252224532225	0.489193548387	0.999916839917	0.489193548387
BRD-K33514849	0.2805325986378384		0.252141372141	0.747858627859	0.252141372141	0.489193548387	0.999916839917	0.489193548387
nakiterpiosin	0.28149105274158615		0.249106029106	0.750893970894	0.249106029106	0.487073170732	0.999916839917	0.487073170732
bleomycin A2	0.28161396684312445		0.248648648649	0.751351351351	0.248648648649	0.487073170732	0.999916839917	0.487073170732
hyperforin	0.2827358468542542		0.245114345114	0.754885654886	0.245114345114	0.483196721311	0.999916839917	0.483196721311
CIL55A	0.2837144746170635		0.242328482328	0.757671517672	0.242328482328	0.479670781893	0.999916839917	0.479670781893
TW-37	0.2845828250693448		0.240124740125	0.759875259875	0.240124740125	0.477272727273	0.999916839917	0.477272727273
BI-2536	0.2860909680288585		0.235758835759	0.764241164241	0.235758835759	0.470539419087	0.999916839917	0.470539419087
pyrazolanthrone	0.2864026688749465		0.234677754678	0.765322245322	0.234677754678	0.470333333333	0.999916839917	0.470333333333
BRD-A94377914	0.28698893678084636		0.232723492723	0.767276507277	0.232723492723	0.468368200837	0.999916839917	0.468368200837
ML006	0.28724791976699665		0.23185031185	0.76814968815	0.23185031185	0.468368200837	0.999916839917	0.468368200837
I-BET151	0.28850543649231836		0.228440748441	0.771559251559	0.228440748441	0.463628691983	0.999916839917	0.463628691983
PL-DI	0.288727214072659		0.227567567568	0.772432432432	0.227567567568	0.463628691983	0.999916839917	0.463628691983
BRD-K41334119	0.28899174859456356		0.226652806653	0.773347193347	0.226652806653	0.463628691983	0.999916839917	0.463628691983
CHM-1	0.28926964246557924		0.225862785863	0.774137214137	0.225862785863	0.463628691983	0.999916839917	0.463628691983
curcumin	0.2902148044737185		0.22316008316	0.77683991684	0.22316008316	0.460686695279	0.999916839917	0.460686695279
ouabain	0.2902984191525864		0.222827442827	0.777172557173	0.222827442827	0.460686695279	0.999916839917	0.460686695279
C6-ceramide	0.29036943332134474		0.222494802495	0.777505197505	0.222494802495	0.460686695279	0.999916839917	0.460686695279
neopeltolide	0.29038894337419185		0.222411642412	0.777588357588	0.222411642412	0.460686695279	0.999916839917	0.460686695279
CAY10594	0.2906144642398616		0.221787941788	0.778212058212	0.221787941788	0.460686695279	0.999916839917	0.460686695279
methotrexate	0.290961231793021		0.220997920998	0.779002079002	0.220997920998	0.460686695279	0.999916839917	0.460686695279
GMX-1778	0.29215382853242594		0.217255717256	0.782744282744	0.217255717256	0.460352422907	0.999916839917	0.460352422907
BIRB-796	0.29433759909543		0.211808731809	0.788191268191	0.211808731809	0.450796460177	0.999916839917	0.450796460177
clofarabine	0.2945524719777092		0.211268191268	0.788731808732	0.211268191268	0.450796460177	0.999916839917	0.450796460177
BRD-K09587429	0.29512623236718266		0.209896049896	0.790103950104	0.209896049896	0.450714285714	0.999916839917	0.450714285714
BRD-K50799972	0.2956346169571508		0.208814968815	0.791185031185	0.208814968815	0.450403587444	0.999916839917	0.450403587444
NVP-ADW742	0.2957230775671847		0.208523908524	0.791476091476	0.208523908524	0.450403587444	0.999916839917	0.450403587444
MST-312	0.2960755677863167		0.206985446985	0.793014553015	0.206985446985	0.450403587444	0.999916839917	0.450403587444
SCH-529074	0.2963765952192443		0.206112266112	0.793887733888	0.206112266112	0.450403587444	0.999916839917	0.450403587444
AA-COCF3	0.2977864044309083		0.202827442827	0.797172557173	0.202827442827	0.445479452055	0.999916839917	0.445479452055
Bax channel blocker	0.29790180858062604		0.202453222453	0.797546777547	0.202453222453	0.445479452055	0.999916839917	0.445479452055
erismodegib	0.2993194716822678		0.198752598753	0.801247401247	0.198752598753	0.440552995392	0.999916839917	0.440552995392
HBX-41108	0.2993371176652452		0.198752598753	0.801247401247	0.198752598753	0.440552995392	0.999916839917	0.440552995392
BRD-K45681478	0.29935166792819606		0.198711018711	0.801288981289	0.198711018711	0.440552995392	0.999916839917	0.440552995392
BRD-K66453893	0.2997332155625086		0.19762993763	0.80237006237	0.19762993763	0.440552995392	0.999916839917	0.440552995392
MK-2206	0.29988566162581337		0.197047817048	0.802952182952	0.197047817048	0.440552995392	0.999916839917	0.440552995392
pevonedistat	0.2999389992335227		0.196881496881	0.803118503119	0.196881496881	0.440552995392	0.999916839917	0.440552995392
manumycin A	0.30001059029993243		0.196756756757	0.803243243243	0.196756756757	0.440552995392	0.999916839917	0.440552995392
BRD-K71781559	0.3000921277744667		0.196465696466	0.803534303534	0.196465696466	0.440552995392	0.999916839917	0.440552995392
BIBR-1532	0.30043300698713093		0.195509355509	0.804490644491	0.195509355509	0.440552995392	0.999916839917	0.440552995392
prochlorperazine	0.30120606940123756		0.193555093555	0.806444906445	0.193555093555	0.440552995392	0.999916839917	0.440552995392
YM-155	0.30159420699296774		0.192598752599	0.807401247401	0.192598752599	0.440552995392	0.999916839917	0.440552995392
azacitidine	0.30387906973413487		0.186735966736	0.813264033264	0.186735966736	0.436019417476	0.999916839917	0.436019417476
sitagliptin	0.30397649936956816		0.18632016632	0.81367983368	0.18632016632	0.436019417476	0.999916839917	0.436019417476
TPCA-1	0.3041978318363102		0.185613305613	0.814386694387	0.185613305613	0.436019417476	0.999916839917	0.436019417476
BRD-K78574327	0.30494194205002206		0.183742203742	0.816257796258	0.183742203742	0.435369458128	0.999916839917	0.435369458128
vandetanib	0.3052369597235916		0.182869022869	0.817130977131	0.182869022869	0.435369458128	0.999916839917	0.435369458128
3-Cl-AHPC	0.3064176465317144		0.180083160083	0.819916839917	0.180083160083	0.430945273632	0.999916839917	0.430945273632
tanespimycin	0.3070918774372415		0.178711018711	0.821288981289	0.178711018711	0.4298	0.999916839917	0.4298
KX2-391	0.307939016393384		0.176424116424	0.823575883576	0.176424116424	0.426432160804	0.999916839917	0.426432160804
valdecoxib	0.3084643163419508		0.175467775468	0.824532224532	0.175467775468	0.426262626263	0.999916839917	0.426262626263
GSK4112	0.3085196586535614		0.175301455301	0.824698544699	0.175301455301	0.426262626263	0.999916839917	0.426262626263
gossypol	0.30863905924335927		0.174885654886	0.825114345114	0.174885654886	0.426262626263	0.999916839917	0.426262626263
YK 4-279	0.30882795005332836		0.174386694387	0.825613305613	0.174386694387	0.426262626263	0.999916839917	0.426262626263
ML258	0.3092498322199945		0.173388773389	0.826611226611	0.173388773389	0.426262626263	0.999916839917	0.426262626263
BRD1812	0.30949638912985544		0.172931392931	0.827068607069	0.172931392931	0.426262626263	0.999916839917	0.426262626263
trametinib	0.3096419592664431		0.172474012474	0.827525987526	0.172474012474	0.426262626263	0.999916839917	0.426262626263
CD-437	0.30970925234556895		0.172224532225	0.827775467775	0.172224532225	0.426262626263	0.999916839917	0.426262626263
ceranib-2	0.3098594000260219		0.172016632017	0.827983367983	0.172016632017	0.426262626263	0.999916839917	0.426262626263
SKI-II	0.31024947337848585		0.170977130977	0.829022869023	0.170977130977	0.426262626263	0.999916839917	0.426262626263
PF-750	0.3108432061627467		0.169147609148	0.830852390852	0.169147609148	0.426262626263	0.999916839917	0.426262626263
BIX-01294	0.3114992313110176		0.167484407484	0.832515592516	0.167484407484	0.426262626263	0.999916839917	0.426262626263
cerulenin	0.3121610561691818		0.165446985447	0.834553014553	0.165446985447	0.426262626263	0.999916839917	0.426262626263
KPT185	0.31308082998934145		0.163326403326	0.836673596674	0.163326403326	0.424648648649	0.999916839917	0.424648648649
BMS-754807	0.31364724623211687		0.162328482328	0.837671517672	0.162328482328	0.424347826087	0.999916839917	0.424347826087
mitomycin	0.31464100093212083		0.159708939709	0.840291060291	0.159708939709	0.419781420765	0.999916839917	0.419781420765
SB-743921	0.3148455042187694		0.159126819127	0.840873180873	0.159126819127	0.419781420765	0.999916839917	0.419781420765
RAF265	0.3151286881978127		0.158544698545	0.841455301455	0.158544698545	0.419781420765	0.999916839917	0.419781420765
BMS-345541	0.3156403345140527		0.157214137214	0.842785862786	0.157214137214	0.419781420765	0.999916839917	0.419781420765
NVP-231	0.3157979136204915		0.156756756757	0.843243243243	0.156756756757	0.419781420765	0.999916839917	0.419781420765
BRD-K64610608	0.3162226216808357		0.155717255717	0.844282744283	0.155717255717	0.419781420765	0.999916839917	0.419781420765
GSK461364	0.31624308076779206		0.155675675676	0.844324324324	0.155675675676	0.419781420765	0.999916839917	0.419781420765
omacetaxine mepesuccinate	0.31631625150265535		0.155592515593	0.844407484407	0.155592515593	0.419781420765	0.999916839917	0.419781420765
importazole	0.3164007862517222		0.155550935551	0.844449064449	0.155550935551	0.419781420765	0.999916839917	0.419781420765
dacarbazine	0.31647479554450647		0.155550935551	0.844449064449	0.155550935551	0.419781420765	0.999916839917	0.419781420765
ML311	0.3165950009731754		0.155176715177	0.844823284823	0.155176715177	0.419781420765	0.999916839917	0.419781420765
phloretin	0.3169101952915337		0.154386694387	0.845613305613	0.154386694387	0.419781420765	0.999916839917	0.419781420765
FQI-1	0.31707413673067225		0.154012474012	0.845987525988	0.154012474012	0.419781420765	0.999916839917	0.419781420765
StemRegenin 1	0.317260914299542		0.153596673597	0.846403326403	0.153596673597	0.419781420765	0.999916839917	0.419781420765
BRD-K80183349	0.31742849419793556		0.153388773389	0.846611226611	0.153388773389	0.419781420765	0.999916839917	0.419781420765
CAY10618	0.31767757845783406		0.152765072765	0.847234927235	0.152765072765	0.419781420765	0.999916839917	0.419781420765
BRD-K11533227	0.31777809380964284		0.152390852391	0.847609147609	0.152390852391	0.419781420765	0.999916839917	0.419781420765
BRD-K16147474	0.31874748357635097		0.150602910603	0.849397089397	0.150602910603	0.419781420765	0.999916839917	0.419781420765
Merck60	0.32134620227465643		0.143825363825	0.856174636175	0.143825363825	0.419272727273	0.999916839917	0.419272727273
OSI-930	0.32170751465747827		0.143035343035	0.856964656965	0.143035343035	0.419272727273	0.999916839917	0.419272727273
sorafenib	0.32202331344533613		0.142453222453	0.857546777547	0.142453222453	0.419272727273	0.999916839917	0.419272727273
nelarabine	0.32229701008092615		0.142037422037	0.857962577963	0.142037422037	0.419272727273	0.999916839917	0.419272727273
neuronal differentiation inducer III	0.32309728212540023		0.140623700624	0.859376299376	0.140623700624	0.419272727273	0.999916839917	0.419272727273
brefeldin A	0.32311985522505815		0.140582120582	0.859417879418	0.140582120582	0.419272727273	0.999916839917	0.419272727273
PAC-1	0.3231642826246684		0.140498960499	0.859501039501	0.140498960499	0.419272727273	0.999916839917	0.419272727273
NVP-BEZ235	0.32317115298090054		0.140457380457	0.859542619543	0.140457380457	0.419272727273	0.999916839917	0.419272727273
KU-0063794	0.32353189904579643		0.139584199584	0.860415800416	0.139584199584	0.419272727273	0.999916839917	0.419272727273
BRD-K09344309	0.3236076509962954		0.139334719335	0.860665280665	0.139334719335	0.419272727273	0.999916839917	0.419272727273
KU-55933	0.32417855100739285		0.137796257796	0.862203742204	0.137796257796	0.419272727273	0.999916839917	0.419272727273
AZD7545	0.3244710939770416		0.137255717256	0.862744282744	0.137255717256	0.419272727273	0.999916839917	0.419272727273
alisertib	0.324703514227115		0.13659043659	0.86340956341	0.13659043659	0.419272727273	0.999916839917	0.419272727273
BRD-K02492147	0.325224943123974		0.135051975052	0.864948024948	0.135051975052	0.419272727273	0.999916839917	0.419272727273
PX-12	0.3271893341317424		0.130561330561	0.869438669439	0.130561330561	0.415894039735	0.999916839917	0.415894039735
BRD-K85133207	0.3274129125719132		0.130145530146	0.869854469854	0.130145530146	0.415894039735	0.999916839917	0.415894039735
GW-405833	0.3274258939324445		0.130145530146	0.869854469854	0.130145530146	0.415894039735	0.999916839917	0.415894039735
GSK525762A	0.3288589703847216		0.12735966736	0.87264033264	0.12735966736	0.413918918919	0.999916839917	0.413918918919
WAY-362450	0.3292116245764589		0.126486486486	0.873513513514	0.126486486486	0.41387755102	0.999916839917	0.41387755102
MLN2238	0.3298564580603964		0.125322245322	0.874677754678	0.125322245322	0.412876712329	0.999916839917	0.412876712329
GDC-0879	0.330578023277619		0.123825363825	0.876174636175	0.123825363825	0.41075862069	0.999916839917	0.41075862069
selumetinib	0.33065748260472844		0.123659043659	0.876340956341	0.123659043659	0.41075862069	0.999916839917	0.41075862069
SB-525334	0.3308423423797023		0.123035343035	0.876964656965	0.123035343035	0.41075862069	0.999916839917	0.41075862069
apicidin	0.3326196132640724		0.119126819127	0.880873180873	0.119126819127	0.403521126761	0.999916839917	0.403521126761
SNS-032	0.33279182014379244		0.118752598753	0.881247401247	0.118752598753	0.403521126761	0.999916839917	0.403521126761
Ko-143	0.3328497421516604		0.118711018711	0.881288981289	0.118711018711	0.403521126761	0.999916839917	0.403521126761
epigallocatechin-3-monogallate	0.3330636566288495		0.11817047817	0.88182952183	0.11817047817	0.403521126761	0.999916839917	0.403521126761
BRD-K17060750	0.3330820005861465		0.118087318087	0.881912681913	0.118087318087	0.403521126761	0.999916839917	0.403521126761
necrostatin-1	0.33330709423594296		0.11762993763	0.88237006237	0.11762993763	0.403521126761	0.999916839917	0.403521126761
isoevodiamine	0.3335978250857446		0.116798336798	0.883201663202	0.116798336798	0.403521126761	0.999916839917	0.403521126761
BRD-K24690302	0.3342214208976084		0.115925155925	0.884074844075	0.115925155925	0.403521126761	0.999916839917	0.403521126761
968	0.3356528236378539		0.112557172557	0.887442827443	0.112557172557	0.403521126761	0.999916839917	0.403521126761
BRD-M00053801	0.336285375364198		0.111767151767	0.888232848233	0.111767151767	0.403521126761	0.999916839917	0.403521126761
MK-1775	0.33722319360773334		0.109563409563	0.890436590437	0.109563409563	0.399242424242	0.999916839917	0.399242424242
N9-isopropylolomoucine	0.33795298253849465		0.108108108108	0.891891891892	0.108108108108	0.396946564885	0.999916839917	0.396946564885
AT13387	0.3387729458971973		0.106652806653	0.893347193347	0.106652806653	0.394615384615	0.999916839917	0.394615384615
lomeguatrib	0.33928219639987356		0.10577962578	0.89422037422	0.10577962578	0.394418604651	0.999916839917	0.394418604651
ABT-737	0.3403206956037496		0.103575883576	0.896424116424	0.103575883576	0.38921875	0.999916839917	0.38921875
L-685458	0.34088746007453236		0.102411642412	0.897588357588	0.102411642412	0.387874015748	0.999916839917	0.387874015748
bexarotene	0.3419281445789961		0.100498960499	0.899501039501	0.100498960499	0.383650793651	0.999916839917	0.383650793651
bardoxolone methyl	0.3434000251555635		0.0974636174636	0.902536382536	0.0974636174636	0.37504	0.999916839917	0.37504
fingolimod	0.3443508500330152		0.0956756756757	0.904324324324	0.0956756756757	0.371129032258	0.999916839917	0.371129032258
bafilomycin A1	0.34466560310476274		0.0948440748441	0.905155925156	0.0948440748441	0.370894308943	0.999916839917	0.370894308943
PDMP	0.3453788121332381		0.0935135135135	0.906486486486	0.0935135135135	0.36868852459	0.999916839917	0.36868852459
SU11274	0.34546729852087316		0.093264033264	0.906735966736	0.093264033264	0.36868852459	0.999916839917	0.36868852459
necrosulfonamide	0.3454931989695427		0.0931808731809	0.906819126819	0.0931808731809	0.36868852459	0.999916839917	0.36868852459
spautin-1	0.3472172366703353		0.0899792099792	0.910020790021	0.0899792099792	0.363697478992	0.999916839917	0.363697478992
blebbistatin	0.3487326351093168		0.0866943866944	0.913305613306	0.0866943866944	0.353389830508	0.999916839917	0.353389830508
semagacestat	0.3497940570062512		0.0846153846154	0.915384615385	0.0846153846154	0.347863247863	0.999916839917	0.347863247863
procarbazine	0.3499406406128715		0.0842411642412	0.915758835759	0.0842411642412	0.347863247863	0.999916839917	0.347863247863
pifithrin-mu	0.3507023938170329		0.0827858627859	0.917214137214	0.0827858627859	0.346260869565	0.999916839917	0.346260869565
narciclasine	0.35119310513706437		0.0818295218295	0.91817047817	0.0818295218295	0.345263157895	0.999916839917	0.345263157895
VAF-347	0.35310898481017455		0.0779625779626	0.922037422037	0.0779625779626	0.33185840708	0.999916839917	0.33185840708
BRD-K97651142	0.35379576027527804		0.0763825363825	0.923617463617	0.0763825363825	0.328035714286	0.999916839917	0.328035714286
itraconazole	0.3542574916793424		0.0755509355509	0.924449064449	0.0755509355509	0.327387387387	0.999916839917	0.327387387387
tosedostat	0.354625010450438		0.0748440748441	0.925155925156	0.0748440748441	0.327272727273	0.999916839917	0.327272727273
pandacostat	0.3547961000591489		0.0745945945946	0.925405405405	0.0745945945946	0.327272727273	0.999916839917	0.327272727273
BRD-K04800985	0.3555173155223036		0.0730977130977	0.926902286902	0.0730977130977	0.325555555556	0.999916839917	0.325555555556
KU-60019	0.35580366329307084		0.0727234927235	0.927276507277	0.0727234927235	0.325555555556	0.999916839917	0.325555555556
bosutinib	0.35618140377050217		0.0718918918919	0.928108108108	0.0718918918919	0.325555555556	0.999916839917	0.325555555556
VU0155056	0.3570782423988518		0.0706029106029	0.929397089397	0.0706029106029	0.323428571429	0.999916839917	0.323428571429
GW-843682X	0.3599456293500375		0.0663201663202	0.93367983368	0.0663201663202	0.306730769231	0.999916839917	0.306730769231
VER-155008	0.36074548990013316		0.0652806652807	0.934719334719	0.0652806652807	0.304854368932	0.999916839917	0.304854368932
Compound 7d-cis	0.3616139514038824		0.0642827442827	0.935717255717	0.0642827442827	0.303137254902	0.999916839917	0.303137254902
BRD-K90370028	0.36166255313778334		0.0641164241164	0.935883575884	0.0641164241164	0.303137254902	0.999916839917	0.303137254902
NSC48300	0.3620697402471012		0.0635758835759	0.936424116424	0.0635758835759	0.303137254902	0.999916839917	0.303137254902
ciclopirox	0.3624201425900676		0.0631185031185	0.936881496881	0.0631185031185	0.303137254902	0.999916839917	0.303137254902
trifluoperazine	0.3625779567653207		0.0629106029106	0.937089397089	0.0629106029106	0.303137254902	0.999916839917	0.303137254902
entinostat	0.3626793527707211		0.0629106029106	0.937089397089	0.0629106029106	0.303137254902	0.999916839917	0.303137254902
PF-543	0.362758679319405		0.0627442827443	0.937255717256	0.0627442827443	0.303137254902	0.999916839917	0.303137254902
BRD-K01737880	0.36390647652897223		0.0608316008316	0.939168399168	0.0608316008316	0.303137254902	0.999916839917	0.303137254902
RITA	0.36582760912513096		0.0586278586279	0.941372141372	0.0586278586279	0.3	0.999916839917	0.3
ML203	0.3660695360902122		0.0581704781705	0.94182952183	0.0581704781705	0.3	0.999916839917	0.3
ML050	0.366386549097858		0.0578378378378	0.942162162162	0.0578378378378	0.3	0.999916839917	0.3
BRD-K92856060	0.3670885528271959		0.0569230769231	0.943076923077	0.0569230769231	0.3	0.999916839917	0.3
PF-3758309	0.3671035642874319		0.0568814968815	0.943118503119	0.0568814968815	0.3	0.999916839917	0.3
NSC 74859	0.36762806702606093		0.0560498960499	0.94395010395	0.0560498960499	0.3	0.999916839917	0.3
BRD-K30748066	0.3680208864142374		0.0556340956341	0.944365904366	0.0556340956341	0.3	0.999916839917	0.3
BRD-K61166597	0.3684414801414691		0.055051975052	0.944948024948	0.055051975052	0.3	0.999916839917	0.3
BRD-K02251932	0.36847170412410424		0.0550103950104	0.94498960499	0.0550103950104	0.3	0.999916839917	0.3
cytarabine hydrochloride	0.3690383483949737		0.0544282744283	0.945571725572	0.0544282744283	0.3	0.999916839917	0.3
triptolide	0.37009491254187304		0.0528066528067	0.947193347193	0.0528066528067	0.3	0.999916839917	0.3
tipifarnib-P1	0.370187570939032		0.0525987525988	0.947401247401	0.0525987525988	0.3	0.999916839917	0.3
fluorouracil	0.370985392110166		0.0518087318087	0.948191268191	0.0518087318087	0.3	0.999916839917	0.3
serdemetan	0.3714829227091705		0.0508108108108	0.949189189189	0.0508108108108	0.3	0.999916839917	0.3
BRD-A71883111	0.37310643275975325		0.0486902286902	0.95130977131	0.0486902286902	0.29275	0.999916839917	0.29275
BRD-K29313308	0.3754622737306637		0.0460706860707	0.953929313929	0.0460706860707	0.280506329114	0.999916839917	0.280506329114
NSC19630	0.37557315508775857		0.0459459459459	0.954054054054	0.0459459459459	0.280506329114	0.999916839917	0.280506329114
decitabine	0.3758775004915616		0.0455301455301	0.95446985447	0.0455301455301	0.280506329114	0.999916839917	0.280506329114
canertinib	0.37590869436968277		0.045446985447	0.954553014553	0.045446985447	0.280506329114	0.999916839917	0.280506329114
RO4929097	0.37618889245149245		0.0451143451143	0.954885654886	0.0451143451143	0.280506329114	0.999916839917	0.280506329114
tretinoin	0.37675870739061595		0.044656964657	0.955343035343	0.044656964657	0.280506329114	0.999916839917	0.280506329114
docetaxel	0.3780334975321765		0.043367983368	0.956632016632	0.043367983368	0.280506329114	0.999916839917	0.280506329114
barasertib	0.3784273405649419		0.0426611226611	0.957338877339	0.0426611226611	0.280506329114	0.999916839917	0.280506329114
KHS101	0.3786420200783814		0.0424532224532	0.957546777547	0.0424532224532	0.280506329114	0.999916839917	0.280506329114
CR-1-31B	0.37890094078937286		0.0422037422037	0.957796257796	0.0422037422037	0.280506329114	0.999916839917	0.280506329114
neratinib	0.3793010989131582		0.0419542619543	0.958045738046	0.0419542619543	0.280506329114	0.999916839917	0.280506329114
pitstop2	0.37976163670631347		0.0415384615385	0.958461538462	0.0415384615385	0.280506329114	0.999916839917	0.280506329114
marinopyrrole A	0.38011503529748714		0.0413305613306	0.958669438669	0.0413305613306	0.280506329114	0.999916839917	0.280506329114
FSC231	0.3804640868375275		0.04079002079	0.95920997921	0.04079002079	0.280506329114	0.999916839917	0.280506329114
elocalcitol	0.38051399518417695		0.0407484407484	0.959251559252	0.0407484407484	0.280506329114	0.999916839917	0.280506329114
BRD-K51490254	0.3814607580647384		0.0396673596674	0.960332640333	0.0396673596674	0.280506329114	0.999916839917	0.280506329114
vorinostat	0.3816993434994585		0.039501039501	0.960498960499	0.039501039501	0.280506329114	0.999916839917	0.280506329114
zebularine	0.3821174221309729		0.0389604989605	0.96103950104	0.0389604989605	0.280506329114	0.999916839917	0.280506329114
tivantinib	0.3832578750624018		0.0380873180873	0.961912681913	0.0380873180873	0.280506329114	0.999916839917	0.280506329114
ISOX	0.3864093930627537		0.035051975052	0.964948024948	0.035051975052	0.280506329114	0.999916839917	0.280506329114
LBH-589	0.3873183671939719		0.0340956340956	0.965904365904	0.0340956340956	0.277966101695	0.999916839917	0.277966101695
BRD-K28456706	0.38762479483179585		0.0339293139293	0.966070686071	0.0339293139293	0.277966101695	0.999916839917	0.277966101695
BYL-719	0.3877205555960101		0.0338045738046	0.966195426195	0.0338045738046	0.277966101695	0.999916839917	0.277966101695
SCH-79797	0.3880595558513086		0.0333471933472	0.966652806653	0.0333471933472	0.277966101695	0.999916839917	0.277966101695
BMS-195614	0.3909223413938085		0.0311018711019	0.968898128898	0.0311018711019	0.272	0.999916839917	0.272
chlorambucil	0.39119266918528595		0.030893970894	0.969106029106	0.030893970894	0.272	0.999916839917	0.272
cyanoquinoline 11	0.39254708517855835		0.0300623700624	0.969937629938	0.0300623700624	0.272	0.999916839917	0.272
SR-II-138A	0.3925651345661976		0.0300207900208	0.969979209979	0.0300207900208	0.272	0.999916839917	0.272
ABT-199	0.3931010281723356		0.0296881496881	0.970311850312	0.0296881496881	0.272	0.999916839917	0.272
brivanib	0.3967188121793306		0.0274428274428	0.972557172557	0.0274428274428	0.264	0.999916839917	0.264
avrainvillamide	0.3977768835578989		0.0265696465696	0.97343035343	0.0265696465696	0.260816326531	0.999916839917	0.260816326531
etomoxir	0.3990648198237971		0.0257796257796	0.97422037422	0.0257796257796	0.258333333333	0.999916839917	0.258333333333
HC-067047	0.3997595943945661		0.0253222453222	0.974677754678	0.0253222453222	0.258333333333	0.999916839917	0.258333333333
birinapant	0.40249533565828916		0.0234511434511	0.976548856549	0.0234511434511	0.245217391304	0.999916839917	0.245217391304
BRD6340	0.4031329853290524		0.0232432432432	0.976756756757	0.0232432432432	0.245217391304	0.999916839917	0.245217391304
BRD-K13999467	0.4048434280244509		0.0216632016632	0.978336798337	0.0216632016632	0.236818181818	0.999916839917	0.236818181818
BRD-K41597374	0.40526576612618936		0.0215384615385	0.978461538462	0.0215384615385	0.236818181818	0.999916839917	0.236818181818
BRD-K19103580	0.4063776271605081		0.0209563409563	0.979043659044	0.0209563409563	0.236818181818	0.999916839917	0.236818181818
PD318088	0.40706796781101023		0.0207484407484	0.979251559252	0.0207484407484	0.236818181818	0.999916839917	0.236818181818
tamoxifen	0.40892151869526155		0.0196257796258	0.980374220374	0.0196257796258	0.236	0.999916839917	0.236
16-beta-bromoandrosterone	0.41042971454572597		0.0189189189189	0.981081081081	0.0189189189189	0.233333333333	0.999916839917	0.233333333333
gefitinib	0.41109791060212786		0.0187525987526	0.981247401247	0.0187525987526	0.233333333333	0.999916839917	0.233333333333
BRD-K52037352	0.41406071531193683		0.0171725571726	0.982827442827	0.0171725571726	0.223243243243	0.999916839917	0.223243243243
PHA-793887	0.41459177745902814		0.0169230769231	0.983076923077	0.0169230769231	0.223243243243	0.999916839917	0.223243243243
BRD1835	0.41541272494513337		0.0167151767152	0.983284823285	0.0167151767152	0.223243243243	0.999916839917	0.223243243243
Mdivi-1	0.41734606288775544		0.015841995842	0.984158004158	0.015841995842	0.223243243243	0.999916839917	0.223243243243
LY-2157299	0.4176918206964749		0.0156756756757	0.984324324324	0.0156756756757	0.223243243243	0.999916839917	0.223243243243
IU1	0.42209126136112096		0.0138461538462	0.986153846154	0.0138461538462	0.208125	0.999916839917	0.208125
indisulam	0.42326423017762854		0.0135966735967	0.986403326403	0.0135966735967	0.208125	0.999916839917	0.208125
MI-2	0.43000004077019155		0.0110187110187	0.988981288981	0.0110187110187	0.176666666667	0.999916839917	0.176666666667
SB-431542	0.4310028753990533		0.0106444906445	0.989355509356	0.0106444906445	0.176551724138	0.999916839917	0.176551724138
necrostatin-7	0.4333870003024811		0.00997920997921	0.990020790021	0.00997920997921	0.171428571429	0.999916839917	0.171428571429
istradefylline	0.43343500946735775		0.00993762993763	0.990062370062	0.00993762993763	0.171428571429	0.999916839917	0.171428571429
ML029	0.4338833985010917		0.00985446985447	0.990145530146	0.00985446985447	0.171428571429	0.999916839917	0.171428571429
isoliquiritigenin	0.4348087561204789		0.00956340956341	0.990436590437	0.00956340956341	0.171428571429	0.999916839917	0.171428571429
MLN2480	0.43583529540421306		0.00923076923077	0.990769230769	0.00923076923077	0.171428571429	0.999916839917	0.171428571429
Compound 23 citrate	0.442401841531154		0.00706860706861	0.992931392931	0.00706860706861	0.147826086957	0.999916839917	0.147826086957
leptomycin B	0.44274655076924935		0.00702702702703	0.992972972973	0.00702702702703	0.147826086957	0.999916839917	0.147826086957
BRD-K88742110	0.444678148491651		0.00665280665281	0.993347193347	0.00665280665281	0.147826086957	0.999916839917	0.147826086957
BRD-A86708339	0.44481251351912726	0.019041041655007248	0.00661122661123	0.993388773389	0.00661122661123	0.147826086957	0.999916839917	0.147826086957
tacedinaline	0.4450245438078253	0.07527112004114361	0.00661122661123	0.993388773389	0.00661122661123	0.147826086957	0.999916839917	0.147826086957
COL-3	0.4472609281397251	0.017854254723033945	0.00644490644491	0.993555093555	0.00644490644491	0.147826086957	0.999916839917	0.147826086957
lapatinib	0.4486839789924167	0.012670396741109237	0.00607068607069	0.993929313929	0.00607068607069	0.147826086957	0.999916839917	0.147826086957
Repligen 136	0.45537663812708384	0.06332831136398981	0.0045738045738	0.995426195426	0.0045738045738	0.1375	0.999916839917	0.1375
linifanib	0.4568636496437568	0.01302819689797095	0.00432432432432	0.995675675676	0.00432432432432	0.1375	0.999916839917	0.1375
O-6-benzylguanine	0.46346232636833457	0.16248242929867432	0.00361746361746	0.996382536383	0.00361746361746	0.124285714286	0.999916839917	0.124285714286
ibrutinib	0.4638437199143045	0.021065391944652512	0.00361746361746	0.996382536383	0.00361746361746	0.124285714286	0.999916839917	0.124285714286
afatinib	0.47362275219019884	0.01073628012761585	0.00257796257796	0.997422037422	0.00257796257796	0.103333333333	0.999916839917	0.103333333333
erlotinib	0.47540800526593213	0.009519093468874465	0.00232848232848	0.997671517672	0.00232848232848	0.101818181818	0.999916839917	0.101818181818
alvocidib	0.47896580446230724	0.023056623475395478	0.00216216216216	0.997837837838	0.00216216216216	0.101818181818	0.999916839917	0.101818181818
dinaciclib	0.49803304078032984	0.022625827119332923	0.000748440748441	0.999251559252	0.000748440748441	0.04	0.999916839917	0.04
sotrastaurin	0.49935600448892514	0.058091431479622146	0.000748440748441	0.999251559252	0.000748440748441	0.04	0.999916839917	0.04
SR8278	0.5017669455458147	0.030124458599366865	0.000623700623701	0.999376299376	0.000623700623701	0.04	0.999916839917	0.04
linsitinib	0.5076591742465447	0.025873953793021494	0.0004158004158	0.999584199584	0.0004158004158	0.0333333333333	0.999916839917	0.0333333333333
PD 153035	0.5160232505995556	0.01308693539131534	0.00037422037422	0.999625779626	0.00037422037422	0.0333333333333	0.999916839917	0.0333333333333
austocystin D	0.5203391208487471	0.011296282703420663	0.00016632016632	0.999833679834	0.00016632016632	0.02	0.999916839917	0.02
belinostat	0.5235735192297598	0.0235446960857823	0.00012474012474	0.999875259875	0.00012474012474	0.02	0.999916839917	0.02
skepinone-L	0.5241281326616977	0.060463751283738605	0.00012474012474	0.999875259875	0.00012474012474	0.02	0.999916839917	0.02
GSK-J4	0.5280804898266653	0.02447620726655637	8.31600831601e-05	0.999916839917	8.31600831601e-05	0.02	0.999916839917	0.02
