	score	0.95 moe	p-value (forward)	p-value (reverse)	p-value	fdr (forward)	fdr (reverse)	fdr
dabrafenib	-0.8099717671666773	0.01769514890594541	1.0	4.158004158004158e-05	4.158004158004158e-05	1.0	0.005	0.005
PLX-4720	-0.7033417066895241	0.02030180934343658	1.0	4.158004158004158e-05	4.158004158004158e-05	1.0	0.005	0.005
GDC-0879	-0.6371292199225649	0.018290394320355573	0.999958419958	4.158004158e-05	4.158004158e-05	1.0	0.005	0.005
MLN2480	-0.6336751738465849	0.021628707390203134	0.999958419958	4.158004158e-05	4.158004158e-05	1.0	0.005	0.005
PLX-4032	-0.6107410665446864	0.019249851269264474	0.999875259875	0.00012474012474	0.00012474012474	1.0	0.012	0.012
BRD-K99006945	-0.5942168031057428	0.022189578168495153	0.999750519751	0.00024948024948	0.00024948024948	1.0	0.02	0.02
compound 1B	-0.5549777263314108	0.019892149057765998	0.998627858628	0.00137214137214	0.00137214137214	1.0	0.0942857142857	0.0942857142857
PD318088	-0.5317531404979992	0.021141377942909625	0.996424116424	0.00357588357588	0.00357588357588	1.0	0.215	0.215
sotrastaurin	-0.5167266120243461	0.16432253870961658	0.993804573805	0.00619542619543	0.00619542619543	1.0	0.331111111111	0.331111111111
trametinib	-0.49228472768441756	0.024675447842119856	0.98474012474	0.0152598752599	0.0152598752599	1.0	0.734	0.734
NSC30930	-0.4855071957955016	0.14631051589666486	0.981538461538	0.0184615384615	0.0184615384615	1.0	0.772	0.772
O-6-benzylguanine	-0.47969859462196335	0.14607823180185417	0.977671517672	0.0223284823285	0.0223284823285	1.0	0.772	0.772
tubastatin A	-0.47959741782149684	0.1480644829264162	0.97762993763	0.0223700623701	0.0223700623701	1.0	0.772	0.772
CIL55	-0.4776951711262137	0.13779038269569355	0.976216216216	0.0237837837838	0.0237837837838	1.0	0.772	0.772
BRD-K34485477	-0.4772811351652745	0.05128527969743366	0.975925155925	0.0240748440748	0.0240748440748	1.0	0.772	0.772
selumetinib	-0.47306573789259815	0.015922139947687035	0.972266112266	0.0277338877339	0.0277338877339	1.0	0.79	0.79
BRD-K42260513	-0.4721782676726166	0.1421593059055864	0.971767151767	0.0282328482328	0.0282328482328	1.0	0.79	0.79
BRD-K88742110	-0.4700356775474452	0.16023287644908704	0.970436590437	0.0295634095634	0.0295634095634	1.0	0.79	0.79
cyclophosphamide	-0.46529277585823126	0.14405796749167843	0.96632016632	0.0336798336798	0.0336798336798	1.0	0.79619047619	0.79619047619
birinapant	-0.4651319059672848	0.1507407848070959	0.966237006237	0.033762993763	0.033762993763	1.0	0.79619047619	0.79619047619
AT-406	-0.464066767359643		0.965239085239	0.0347609147609	0.0347609147609	1.0	0.79619047619	0.79619047619
isoliquiritigenin	-0.45968303807847727		0.960914760915	0.0390852390852	0.0390852390852	1.0	0.854545454545	0.854545454545
imatinib	-0.45681939548125333		0.957214137214	0.0427858627859	0.0427858627859	1.0	0.894782608696	0.894782608696
BRD9647	-0.44973032358172865		0.948191268191	0.0518087318087	0.0518087318087	0.995807860262	0.996043010753	0.996043010753
BRD-M00053801	-0.44763826985634225		0.94577962578	0.0542203742204	0.0542203742204	0.995448577681	0.996043010753	0.996043010753
RO4929097	-0.44701491504505403		0.945239085239	0.0547609147609	0.0547609147609	0.995448577681	0.996043010753	0.996043010753
BRD-K51490254	-0.44414533831116343		0.940873180873	0.0591268191268	0.0591268191268	0.994637362637	0.996043010753	0.996043010753
BRD-K24690302	-0.4432134739074086		0.939168399168	0.0608316008316	0.0608316008316	0.994637362637	0.996043010753	0.996043010753
BRD-K86535717	-0.43819452346073595		0.931476091476	0.0685239085239	0.0685239085239	0.989050772627	0.996043010753	0.996043010753
elocalcitol	-0.4344145297282545		0.925197505198	0.0748024948025	0.0748024948025	0.984557522124	0.996043010753	0.996043010753
tipifarnib-P1	-0.4335572459122161		0.923367983368	0.076632016632	0.076632016632	0.984557522124	0.996043010753	0.996043010753
BRD-K51831558	-0.42846780973836623		0.914303534304	0.0856964656965	0.0856964656965	0.977288888889	0.996043010753	0.996043010753
Compound 1541A	-0.42630395521742986		0.910103950104	0.089896049896	0.089896049896	0.974966592428	0.996043010753	0.996043010753
prochlorperazine	-0.42147038339385384		0.901871101871	0.0981288981289	0.0981288981289	0.968303571429	0.996043010753	0.996043010753
trifluoperazine	-0.42045190434978574		0.900166320166	0.0998336798337	0.0998336798337	0.968303571429	0.996043010753	0.996043010753
isonicotinohydroxamic acid	-0.4193153187229414		0.897920997921	0.102079002079	0.102079002079	0.968303571429	0.996043010753	0.996043010753
ML203	-0.41841132229806816		0.896216216216	0.103783783784	0.103783783784	0.968303571429	0.996043010753	0.996043010753
NSC 74859	-0.41695868085080295		0.89343035343	0.10656964657	0.10656964657	0.967882882883	0.996043010753	0.996043010753
BRD-K11533227	-0.4149365451251064		0.889313929314	0.110686070686	0.110686070686	0.965598194131	0.996043010753	0.996043010753
nilotinib	-0.4137050307760089		0.886528066528	0.113471933472	0.113471933472	0.964751131222	0.996043010753	0.996043010753
LY-2157299	-0.4114759312105415		0.88237006237	0.11762993763	0.11762993763	0.962403628118	0.996043010753	0.996043010753
semagacestat	-0.41113338047816306		0.881746361746	0.118253638254	0.118253638254	0.962403628118	0.996043010753	0.996043010753
IPR-456	-0.40762490663776446		0.87501039501	0.12498960499	0.12498960499	0.958724373576	0.996043010753	0.996043010753
PYR-41	-0.4063891580735557		0.872182952183	0.127817047817	0.127817047817	0.957808219178	0.996043010753	0.996043010753
BRD-K45681478	-0.40512459118999766		0.869438669439	0.130561330561	0.130561330561	0.956979405034	0.996043010753	0.996043010753
BRD-K29313308	-0.40459439037574574		0.868482328482	0.131517671518	0.131517671518	0.956979405034	0.996043010753	0.996043010753
pifithrin-mu	-0.40435882381265925		0.86814968815	0.13185031185	0.13185031185	0.956979405034	0.996043010753	0.996043010753
IC-87114	-0.40375966651548545		0.866611226611	0.133388773389	0.133388773389	0.956979405034	0.996043010753	0.996043010753
tandutinib	-0.4017105290720017		0.861663201663	0.138336798337	0.138336798337	0.956979405034	0.996043010753	0.996043010753
dacarbazine	-0.39969312583112043		0.85738045738	0.14261954262	0.14261954262	0.95462962963	0.996043010753	0.996043010753
NSC48300	-0.3994864033566517		0.857047817048	0.142952182952	0.142952182952	0.95462962963	0.996043010753	0.996043010753
brivanib	-0.3991994565181911		0.856382536383	0.143617463617	0.143617463617	0.95462962963	0.996043010753	0.996043010753
BRD-K29086754	-0.39846826801007706		0.85501039501	0.14498960499	0.14498960499	0.95462962963	0.996043010753	0.996043010753
nelarabine	-0.39842287884958993		0.854802494802	0.145197505198	0.145197505198	0.95462962963	0.996043010753	0.996043010753
BRD-K92856060	-0.39769519240583273		0.853222453222	0.146777546778	0.146777546778	0.95462962963	0.996043010753	0.996043010753
CAY10594	-0.39745410111845564		0.852931392931	0.147068607069	0.147068607069	0.95462962963	0.996043010753	0.996043010753
NSC95397	-0.3974040312973144		0.852681912682	0.147318087318	0.147318087318	0.95462962963	0.996043010753	0.996043010753
procarbazine	-0.39732003940194854		0.852390852391	0.147609147609	0.147609147609	0.95462962963	0.996043010753	0.996043010753
BMS-270394	-0.39668655725509283		0.850935550936	0.149064449064	0.149064449064	0.95462962963	0.996043010753	0.996043010753
BRD-K41334119	-0.39642733421474524		0.850353430353	0.149646569647	0.149646569647	0.95462962963	0.996043010753	0.996043010753
neopeltolide	-0.3943572636379948		0.846361746362	0.153638253638	0.153638253638	0.95462962963	0.996043010753	0.996043010753
nutlin-3	-0.3852775685537819		0.824282744283	0.175717255717	0.175717255717	0.944	0.996043010753	0.996043010753
CAY10576	-0.38511818593283315		0.823908523909	0.176091476091	0.176091476091	0.944	0.996043010753	0.996043010753
pitstop2	-0.3850026166136766		0.823617463617	0.176382536383	0.176382536383	0.944	0.996043010753	0.996043010753
ML334 diastereomer	-0.38486647428727694		0.823284823285	0.176715176715	0.176715176715	0.944	0.996043010753	0.996043010753
PDMP	-0.38455548955218366		0.822536382536	0.177463617464	0.177463617464	0.944	0.996043010753	0.996043010753
bexarotene	-0.3841097110787168		0.821413721414	0.178586278586	0.178586278586	0.944	0.996043010753	0.996043010753
BRD-K71781559	-0.3821304754792039		0.816340956341	0.183659043659	0.183659043659	0.944	0.996043010753	0.996043010753
BRD-K61166597	-0.3815918594464086		0.815218295218	0.184781704782	0.184781704782	0.944	0.996043010753	0.996043010753
BRD-K16147474	-0.3782417487699435		0.806528066528	0.193471933472	0.193471933472	0.941601941748	0.996043010753	0.996043010753
cytarabine hydrochloride	-0.37760196039294897		0.805031185031	0.194968814969	0.194968814969	0.941601941748	0.996043010753	0.996043010753
bendamustine	-0.3768672862879667		0.803284823285	0.196715176715	0.196715176715	0.941601941748	0.996043010753	0.996043010753
BRD-A02303741	-0.37590895711228833		0.801081081081	0.198918918919	0.198918918919	0.941601941748	0.996043010753	0.996043010753
BRD-K85133207	-0.37570588163835117		0.800665280665	0.199334719335	0.199334719335	0.941601941748	0.996043010753	0.996043010753
ML031	-0.3753832015634309		0.799875259875	0.200124740125	0.200124740125	0.941601941748	0.996043010753	0.996043010753
RAF265	-0.37507051974292227		0.799168399168	0.200831600832	0.200831600832	0.941601941748	0.996043010753	0.996043010753
SJ-172550	-0.3735376434193244		0.794719334719	0.205280665281	0.205280665281	0.941601941748	0.996043010753	0.996043010753
VAF-347	-0.37302127822039866		0.793555093555	0.206444906445	0.206444906445	0.941601941748	0.996043010753	0.996043010753
BRD8899	-0.3722623909195451		0.79185031185	0.20814968815	0.20814968815	0.941601941748	0.996043010753	0.996043010753
cimetidine	-0.37099360845202406		0.788814968815	0.211185031185	0.211185031185	0.941601941748	0.996043010753	0.996043010753
BRD-K44224150	-0.3709623568304393		0.788773388773	0.211226611227	0.211226611227	0.941601941748	0.996043010753	0.996043010753
betulinic acid	-0.36934162388182873		0.784033264033	0.215966735967	0.215966735967	0.941601941748	0.996043010753	0.996043010753
bafilomycin A1	-0.36859420038199653		0.782162162162	0.217837837838	0.217837837838	0.941601941748	0.996043010753	0.996043010753
marinopyrrole A	-0.3682184012711454		0.781288981289	0.218711018711	0.218711018711	0.941601941748	0.996043010753	0.996043010753
sorafenib	-0.3682116093396214		0.781288981289	0.218711018711	0.218711018711	0.941601941748	0.996043010753	0.996043010753
simvastatin	-0.3668827267088837		0.778004158004	0.221995841996	0.221995841996	0.941601941748	0.996043010753	0.996043010753
pandacostat	-0.36635969982069844		0.776548856549	0.223451143451	0.223451143451	0.941601941748	0.996043010753	0.996043010753
CCT036477	-0.3658395874393809		0.775093555094	0.224906444906	0.224906444906	0.941601941748	0.996043010753	0.996043010753
ISOX	-0.3644697727360449		0.771018711019	0.228981288981	0.228981288981	0.941601941748	0.996043010753	0.996043010753
myriocin	-0.364368760967059		0.770852390852	0.229147609148	0.229147609148	0.941601941748	0.996043010753	0.996043010753
MLN2238	-0.3614938054148329		0.763783783784	0.236216216216	0.236216216216	0.939590792839	0.996043010753	0.996043010753
UNC0638	-0.3612711491844515		0.763201663202	0.236798336798	0.236798336798	0.939590792839	0.996043010753	0.996043010753
AA-COCF3	-0.3609205671138856		0.762494802495	0.237505197505	0.237505197505	0.939590792839	0.996043010753	0.996043010753
BRD-K80183349	-0.360628179295468		0.761912681913	0.238087318087	0.238087318087	0.939590792839	0.996043010753	0.996043010753
tanespimycin	-0.36051786044424644		0.761621621622	0.238378378378	0.238378378378	0.939590792839	0.996043010753	0.996043010753
GSK2636771	-0.3596264532940185		0.758711018711	0.241288981289	0.241288981289	0.939590792839	0.996043010753	0.996043010753
leptomycin B	-0.3595218213105522		0.758503118503	0.241496881497	0.241496881497	0.939590792839	0.996043010753	0.996043010753
apicidin	-0.35943497710462446		0.758336798337	0.241663201663	0.241663201663	0.939590792839	0.996043010753	0.996043010753
entinostat	-0.3591744560551479		0.757588357588	0.242411642412	0.242411642412	0.939590792839	0.996043010753	0.996043010753
Bax channel blocker	-0.3584917772824044		0.756091476091	0.243908523909	0.243908523909	0.939590792839	0.996043010753	0.996043010753
BRD-K09344309	-0.35805328510855167		0.754677754678	0.245322245322	0.245322245322	0.939590792839	0.996043010753	0.996043010753
BRD-K94991378	-0.3573771875272594		0.75264033264	0.24735966736	0.24735966736	0.939590792839	0.996043010753	0.996043010753
palmostatin B	-0.35697867014821394		0.751143451143	0.248856548857	0.248856548857	0.939590792839	0.996043010753	0.996043010753
KH-CB19	-0.35661209482570483		0.749771309771	0.250228690229	0.250228690229	0.939590792839	0.996043010753	0.996043010753
SU11274	-0.35596765651862394		0.74814968815	0.25185031185	0.25185031185	0.939590792839	0.996043010753	0.996043010753
AT7867	-0.35564248124568165		0.74711018711	0.25288981289	0.25288981289	0.939590792839	0.996043010753	0.996043010753
SR8278	-0.3547835457747794		0.744241164241	0.255758835759	0.255758835759	0.939590792839	0.996043010753	0.996043010753
MST-312	-0.35382347166488154		0.741247401247	0.258752598753	0.258752598753	0.939590792839	0.996043010753	0.996043010753
CIL55A	-0.35349372969274584		0.739833679834	0.260166320166	0.260166320166	0.939590792839	0.996043010753	0.996043010753
FGIN-1-27	-0.3527349686771503		0.737505197505	0.262494802495	0.262494802495	0.939590792839	0.996043010753	0.996043010753
BRD-K37390332	-0.3525717675164172		0.736881496881	0.263118503119	0.263118503119	0.939590792839	0.996043010753	0.996043010753
BRD-K27986637	-0.3496472908243418		0.729147609148	0.270852390852	0.270852390852	0.939590792839	0.996043010753	0.996043010753
AZD7545	-0.34950794483600733		0.728731808732	0.271268191268	0.271268191268	0.939590792839	0.996043010753	0.996043010753
erismodegib	-0.3490450742513405		0.72735966736	0.27264033264	0.27264033264	0.939590792839	0.996043010753	0.996043010753
purmorphamine	-0.347278655750295		0.72158004158	0.27841995842	0.27841995842	0.939590792839	0.996043010753	0.996043010753
neuronal differentiation inducer III	-0.34713977040867694		0.72103950104	0.27896049896	0.27896049896	0.939590792839	0.996043010753	0.996043010753
alvocidib	-0.34689856118192564		0.720498960499	0.279501039501	0.279501039501	0.939590792839	0.996043010753	0.996043010753
vorinostat	-0.3457556285809706		0.717047817048	0.282952182952	0.282952182952	0.939590792839	0.996043010753	0.996043010753
SCH-529074	-0.34568423717059227		0.716881496881	0.283118503119	0.283118503119	0.939590792839	0.996043010753	0.996043010753
cabozantinib	-0.34398906073809854		0.712474012474	0.287525987526	0.287525987526	0.939590792839	0.996043010753	0.996043010753
ML312	-0.3433037427913761		0.710436590437	0.289563409563	0.289563409563	0.939590792839	0.996043010753	0.996043010753
niclosamide	-0.3430401849205097		0.709563409563	0.290436590437	0.290436590437	0.939590792839	0.996043010753	0.996043010753
ifosfamide	-0.34303719196405613		0.709563409563	0.290436590437	0.290436590437	0.939590792839	0.996043010753	0.996043010753
clofarabine	-0.3426524083520627		0.708440748441	0.291559251559	0.291559251559	0.939590792839	0.996043010753	0.996043010753
SCH-79797	-0.34169943299689337		0.705654885655	0.294345114345	0.294345114345	0.939590792839	0.996043010753	0.996043010753
VER-155008	-0.3406729434695542		0.702120582121	0.297879417879	0.297879417879	0.939590792839	0.996043010753	0.996043010753
lovastatin	-0.34027418463333486		0.700415800416	0.299584199584	0.299584199584	0.939590792839	0.996043010753	0.996043010753
BRD-K66532283	-0.3394284363250102		0.69817047817	0.30182952183	0.30182952183	0.939590792839	0.996043010753	0.996043010753
PRL-3 inhibitor I	-0.3390367453925725		0.696798336798	0.303201663202	0.303201663202	0.939590792839	0.996043010753	0.996043010753
BRD1812	-0.33806178019227934		0.693887733888	0.306112266112	0.306112266112	0.939590792839	0.996043010753	0.996043010753
temozolomide	-0.33774368659683734		0.693056133056	0.306943866944	0.306943866944	0.939590792839	0.996043010753	0.996043010753
GSK525762A	-0.33756647277803437		0.692515592516	0.307484407484	0.307484407484	0.939590792839	0.996043010753	0.996043010753
ML320	-0.33741988388858324		0.692182952183	0.307817047817	0.307817047817	0.939590792839	0.996043010753	0.996043010753
dinaciclib	-0.3359660459466515		0.687567567568	0.312432432432	0.312432432432	0.939590792839	0.996043010753	0.996043010753
BRD-K27224038	-0.3352897913286874		0.684656964657	0.315343035343	0.315343035343	0.939590792839	0.996043010753	0.996043010753
BIX-01294	-0.3341572589348825		0.680997920998	0.319002079002	0.319002079002	0.939590792839	0.996043010753	0.996043010753
SB-525334	-0.3339232914488728		0.680498960499	0.319501039501	0.319501039501	0.939590792839	0.996043010753	0.996043010753
BRD-K30748066	-0.33279227564318437		0.676964656965	0.323035343035	0.323035343035	0.939590792839	0.996043010753	0.996043010753
BMS-345541	-0.3327366970319463		0.676798336798	0.323201663202	0.323201663202	0.939590792839	0.996043010753	0.996043010753
CAL-101	-0.3326911299539669		0.676632016632	0.323367983368	0.323367983368	0.939590792839	0.996043010753	0.996043010753
QS-11	-0.3317115984228347		0.673762993763	0.326237006237	0.326237006237	0.939590792839	0.996043010753	0.996043010753
BEC	-0.3314273917433912		0.672972972973	0.327027027027	0.327027027027	0.939590792839	0.996043010753	0.996043010753
KHS101	-0.33041829418975566		0.669688149688	0.330311850312	0.330311850312	0.939590792839	0.996043010753	0.996043010753
SNS-032	-0.3296786983294673		0.667027027027	0.332972972973	0.332972972973	0.939590792839	0.996043010753	0.996043010753
BRD-K34099515	-0.32882827343089693		0.664698544699	0.335301455301	0.335301455301	0.939590792839	0.996043010753	0.996043010753
PHA-793887	-0.32776331826770844		0.661164241164	0.338835758836	0.338835758836	0.939590792839	0.996043010753	0.996043010753
LBH-589	-0.3267185403718587		0.657879417879	0.342120582121	0.342120582121	0.939590792839	0.996043010753	0.996043010753
BRD-K30019337	-0.32666698317439563		0.65762993763	0.34237006237	0.34237006237	0.939590792839	0.996043010753	0.996043010753
methotrexate	-0.32658940664684094		0.65738045738	0.34261954262	0.34261954262	0.939590792839	0.996043010753	0.996043010753
LY-2183240	-0.3259617638236967		0.655093555094	0.344906444906	0.344906444906	0.939590792839	0.996043010753	0.996043010753
MG-132	-0.3253648758483351		0.653388773389	0.346611226611	0.346611226611	0.939590792839	0.996043010753	0.996043010753
CI-976	-0.3250699835847966		0.652557172557	0.347442827443	0.347442827443	0.939590792839	0.996043010753	0.996043010753
EX-527	-0.3249301936969777		0.65185031185	0.34814968815	0.34814968815	0.939590792839	0.996043010753	0.996043010753
regorafenib	-0.3245341527256733		0.650727650728	0.349272349272	0.349272349272	0.939590792839	0.996043010753	0.996043010753
necrosulfonamide	-0.32349829777379596		0.646819126819	0.353180873181	0.353180873181	0.939590792839	0.996043010753	0.996043010753
sunitinib	-0.3223234196203143		0.643201663202	0.356798336798	0.356798336798	0.939590792839	0.996043010753	0.996043010753
omacetaxine mepesuccinate	-0.3210349100357245		0.639584199584	0.360415800416	0.360415800416	0.939590792839	0.996043010753	0.996043010753
darinaparsin	-0.3207708304599383		0.638752598753	0.361247401247	0.361247401247	0.939590792839	0.996043010753	0.996043010753
tigecycline	-0.3201196857117026		0.637006237006	0.362993762994	0.362993762994	0.939590792839	0.996043010753	0.996043010753
pevonedistat	-0.31939746846630623		0.635176715177	0.364823284823	0.364823284823	0.939590792839	0.996043010753	0.996043010753
ouabain	-0.3182076506126597		0.63130977131	0.36869022869	0.36869022869	0.939590792839	0.996043010753	0.996043010753
doxorubicin	-0.3181634412345716		0.631185031185	0.368814968815	0.368814968815	0.939590792839	0.996043010753	0.996043010753
I-BET151	-0.3178511119196939		0.63027027027	0.36972972973	0.36972972973	0.939590792839	0.996043010753	0.996043010753
dexamethasone	-0.3173191702177086		0.628731808732	0.371268191268	0.371268191268	0.939590792839	0.996043010753	0.996043010753
bortezomib	-0.317039997796474		0.627650727651	0.372349272349	0.372349272349	0.939590792839	0.996043010753	0.996043010753
AZD6482	-0.31660737887635526		0.626403326403	0.373596673597	0.373596673597	0.939590792839	0.996043010753	0.996043010753
Merck60	-0.31626636087659965		0.625239085239	0.374760914761	0.374760914761	0.939590792839	0.996043010753	0.996043010753
pluripotin	-0.31450838275356685		0.618918918919	0.381081081081	0.381081081081	0.939590792839	0.996043010753	0.996043010753
belinostat	-0.3136931383697732		0.616465696466	0.383534303534	0.383534303534	0.939590792839	0.996043010753	0.996043010753
BRD8958	-0.30896329583305254		0.602661122661	0.397338877339	0.397338877339	0.929102564103	0.996043010753	0.996043010753
oligomycin A	-0.3034702194769682		0.587401247401	0.412598752599	0.412598752599	0.908488745981	0.996043010753	0.996043010753
SB-225002	-0.30260924024396985		0.585239085239	0.414760914761	0.414760914761	0.908064516129	0.996043010753	0.996043010753
narciclasine	-0.29921297528031454		0.575883575884	0.424116424116	0.424116424116	0.89644012945	0.996043010753	0.996043010753
HBX-41108	-0.29787543918749265		0.572931392931	0.427068607069	0.427068607069	0.89474025974	0.996043010753	0.996043010753
obatoclax	-0.2970311501875696		0.570644490644	0.429355509356	0.429355509356	0.894071661238	0.996043010753	0.996043010753
BRD-K71935468	-0.2959411498427261		0.567983367983	0.432016632017	0.432016632017	0.892810457516	0.996043010753	0.996043010753
BRD-K84807411	-0.2958574662255431		0.567733887734	0.432266112266	0.432266112266	0.892810457516	0.996043010753	0.996043010753
vincristine	-0.2937752691062916		0.562286902287	0.437713097713	0.437713097713	0.889671052632	0.996043010753	0.996043010753
PF-3758309	-0.2936238843388564		0.561954261954	0.438045738046	0.438045738046	0.889671052632	0.996043010753	0.996043010753
piperlongumine	-0.2899244455770485		0.552432432432	0.447567567568	0.447567567568	0.879867549669	0.996043010753	0.996043010753
BRD-K97651142	-0.2897610792995064		0.552182952183	0.447817047817	0.447817047817	0.879867549669	0.996043010753	0.996043010753
PI-103	-0.2848358636466978		0.542494802495	0.457505197505	0.457505197505	0.8698	0.996043010753	0.996043010753
PL-DI	-0.2821138310997863		0.536964656965	0.463035343035	0.463035343035	0.86381270903	0.996043010753	0.996043010753
myricetin	-0.28051929644829704		0.534345114345	0.465654885655	0.465654885655	0.862483221477	0.996043010753	0.996043010753
GSK-J4	-0.2695012416319537		0.518918918919	0.481081081081	0.481081081081	0.840404040404	0.996043010753	0.996043010753
gemcitabine	-0.2566953230721209		0.509688149688	0.490311850312	0.490311850312	0.828243243243	0.996043010753	0.996043010753
NVP-BSK805	-0.24755252710207704		0.507318087318	0.492681912682	0.492681912682	0.827186440678	0.996043010753	0.996043010753
parthenolide	0.26622596006821597		0.493638253638	0.506361746362	0.493638253638	0.807619047619	0.996043010753	0.807619047619
TW-37	0.2698351518145938		0.490769230769	0.509230769231	0.490769230769	0.80566552901	0.996043010753	0.80566552901
cucurbitacin I	0.2714080863283457		0.488607068607	0.511392931393	0.488607068607	0.804863013699	0.996043010753	0.804863013699
daporinad	0.271851248497869		0.488066528067	0.511933471933	0.488066528067	0.804863013699	0.996043010753	0.804863013699
NVP-231	0.27843234863906524		0.479126819127	0.520873180873	0.479126819127	0.794689655172	0.996043010753	0.794689655172
BRD-K34222889	0.27894737076099524		0.478004158004	0.521995841996	0.478004158004	0.794689655172	0.996043010753	0.794689655172
temsirolimus	0.27903914709791994		0.477920997921	0.522079002079	0.477920997921	0.794689655172	0.996043010753	0.794689655172
GW-405833	0.2803885690694529		0.475966735967	0.524033264033	0.475966735967	0.794689655172	0.996043010753	0.794689655172
SB-743921	0.28430714532537726		0.468565488565	0.531434511435	0.468565488565	0.788041958042	0.996043010753	0.788041958042
teniposide	0.28534154848239124		0.466611226611	0.533388773389	0.466611226611	0.78750877193	0.996043010753	0.78750877193
QW-BI-011	0.2862115578500958		0.465155925156	0.534844074844	0.465155925156	0.78750877193	0.996043010753	0.78750877193
AZD8055	0.2872317658566472		0.462661122661	0.537338877339	0.462661122661	0.786360424028	0.996043010753	0.786360424028
topotecan	0.28819358543190354		0.460873180873	0.539126819127	0.460873180873	0.78609929078	0.996043010753	0.78609929078
phloretin	0.29056937376545		0.454927234927	0.545072765073	0.454927234927	0.77871886121	0.996043010753	0.77871886121
cerulenin	0.29191424256303977		0.452224532225	0.547775467775	0.452224532225	0.776857142857	0.996043010753	0.776857142857
etoposide	0.2940332766105667		0.447276507277	0.552723492723	0.447276507277	0.771111111111	0.996043010753	0.771111111111
mitomycin	0.29435054820473044		0.446403326403	0.553596673597	0.446403326403	0.771111111111	0.996043010753	0.771111111111
OSI-027	0.2948403319277872		0.445155925156	0.554844074844	0.445155925156	0.771111111111	0.996043010753	0.771111111111
SN-38	0.29763366949090475		0.438128898129	0.561871101871	0.438128898129	0.763550724638	0.996043010753	0.763550724638
3-Cl-AHPC	0.29783408305545556		0.437713097713	0.562286902287	0.437713097713	0.763550724638	0.996043010753	0.763550724638
PRIMA-1	0.29820728433305554		0.437047817048	0.562952182952	0.437047817048	0.763550724638	0.996043010753	0.763550724638
KX2-391	0.2986167803380802		0.435841995842	0.564158004158	0.435841995842	0.763550724638	0.996043010753	0.763550724638
triazolothiadiazine	0.2994037729053289		0.433887733888	0.566112266112	0.433887733888	0.763550724638	0.996043010753	0.763550724638
WP1130	0.2999330512320657		0.432307692308	0.567692307692	0.432307692308	0.763550724638	0.996043010753	0.763550724638
UNC0321	0.3013108379075267		0.428399168399	0.571600831601	0.428399168399	0.763185185185	0.996043010753	0.763185185185
CD-437	0.30151687272177463		0.4279002079	0.5720997921	0.4279002079	0.763185185185	0.996043010753	0.763185185185
JQ-1	0.30235545005226444		0.425738045738	0.574261954262	0.425738045738	0.763185185185	0.996043010753	0.763185185185
BRD4132	0.302453879674441		0.425696465696	0.574303534304	0.425696465696	0.763185185185	0.996043010753	0.763185185185
ZSTK474	0.3031031268144015		0.424074844075	0.575925155925	0.424074844075	0.763185185185	0.996043010753	0.763185185185
YK 4-279	0.3031938909628833		0.423991683992	0.576008316008	0.423991683992	0.763185185185	0.996043010753	0.763185185185
fulvestrant	0.3032713323664132		0.423783783784	0.576216216216	0.423783783784	0.763185185185	0.996043010753	0.763185185185
AT13387	0.3038109705074578		0.422453222453	0.577546777547	0.422453222453	0.763185185185	0.996043010753	0.763185185185
masitinib	0.30385600765102116		0.422328482328	0.577671517672	0.422328482328	0.763185185185	0.996043010753	0.763185185185
BRD9876	0.3055581118626277		0.417422037422	0.582577962578	0.417422037422	0.763185185185	0.996043010753	0.763185185185
parbendazole	0.30571877260477565		0.417130977131	0.582869022869	0.417130977131	0.763185185185	0.996043010753	0.763185185185
valdecoxib	0.3059627474287847		0.416299376299	0.583700623701	0.416299376299	0.763185185185	0.996043010753	0.763185185185
BRD-K66453893	0.3066112352754994		0.414511434511	0.585488565489	0.414511434511	0.763185185185	0.996043010753	0.763185185185
AM-580	0.30689152814808385		0.413721413721	0.586278586279	0.413721413721	0.763185185185	0.996043010753	0.763185185185
SRT-1720	0.30693816703231935		0.413721413721	0.586278586279	0.413721413721	0.763185185185	0.996043010753	0.763185185185
rigosertib	0.30776532950652424		0.411434511435	0.588565488565	0.411434511435	0.763185185185	0.996043010753	0.763185185185
CHM-1	0.30947456645118554		0.407234927235	0.592765072765	0.407234927235	0.763185185185	0.996043010753	0.763185185185
gossypol	0.3095877650170627		0.406819126819	0.593180873181	0.406819126819	0.763185185185	0.996043010753	0.763185185185
BRD-K78574327	0.3096503298801533		0.406652806653	0.593347193347	0.406652806653	0.763185185185	0.996043010753	0.763185185185
GW-843682X	0.309983447378777		0.405613305613	0.594386694387	0.405613305613	0.763185185185	0.996043010753	0.763185185185
LRRK2-IN-1	0.31010130681090337		0.405031185031	0.594968814969	0.405031185031	0.763185185185	0.996043010753	0.763185185185
BRD-K48334597	0.3102307663197496		0.404532224532	0.595467775468	0.404532224532	0.763185185185	0.996043010753	0.763185185185
YM-155	0.3107502681013171		0.402286902287	0.597713097713	0.402286902287	0.763185185185	0.996043010753	0.763185185185
FQI-2	0.31131941015004294		0.400582120582	0.599417879418	0.400582120582	0.763185185185	0.996043010753	0.763185185185
COL-3	0.3126749136157625		0.396424116424	0.603575883576	0.396424116424	0.763185185185	0.996043010753	0.763185185185
BRD-K70511574	0.31307322637919655		0.395093555094	0.604906444906	0.395093555094	0.763185185185	0.996043010753	0.763185185185
KU 0060648	0.31627722327096597		0.385613305613	0.614386694387	0.385613305613	0.760163934426	0.996043010753	0.760163934426
ML258	0.31704321982615213		0.383118503119	0.616881496881	0.383118503119	0.758353909465	0.996043010753	0.758353909465
N9-isopropylolomoucine	0.3179775804496095		0.380374220374	0.619625779626	0.380374220374	0.756033057851	0.996043010753	0.756033057851
salermide	0.3184953176941205		0.378544698545	0.621455301455	0.378544698545	0.755518672199	0.996043010753	0.755518672199
Ch-55	0.3189582827488744		0.377255717256	0.622744282744	0.377255717256	0.755518672199	0.996043010753	0.755518672199
BRD-A94377914	0.3191246794646179		0.376632016632	0.623367983368	0.376632016632	0.755518672199	0.996043010753	0.755518672199
BRD-K63431240	0.319263213328627		0.37604989605	0.62395010395	0.37604989605	0.755518672199	0.996043010753	0.755518672199
brefeldin A	0.320367620898808		0.372390852391	0.627609147609	0.372390852391	0.755518672199	0.996043010753	0.755518672199
StemRegenin 1	0.32126705029726976		0.369313929314	0.630686070686	0.369313929314	0.752711864407	0.996043010753	0.752711864407
GSK1059615	0.3223956277925455		0.365031185031	0.634968814969	0.365031185031	0.74714893617	0.996043010753	0.74714893617
BI-2536	0.32240594334042505		0.36498960499	0.63501039501	0.36498960499	0.74714893617	0.996043010753	0.74714893617
crizotinib	0.3228418553421803		0.363492723493	0.636507276507	0.363492723493	0.74714893617	0.996043010753	0.74714893617
silmitasertib	0.32370519159289524		0.360914760915	0.639085239085	0.360914760915	0.74714893617	0.996043010753	0.74714893617
BRD-K48477130	0.3242736983670348		0.358835758836	0.641164241164	0.358835758836	0.74714893617	0.996043010753	0.74714893617
KPT185	0.32436386444049514		0.358503118503	0.641496881497	0.358503118503	0.74714893617	0.996043010753	0.74714893617
ceranib-2	0.3248383806736811		0.356673596674	0.643326403326	0.356673596674	0.74714893617	0.996043010753	0.74714893617
PAC-1	0.3250312840592089		0.355675675676	0.644324324324	0.355675675676	0.74714893617	0.996043010753	0.74714893617
BIBR-1532	0.32511618138376774		0.355301455301	0.644698544699	0.355301455301	0.74714893617	0.996043010753	0.74714893617
methylstat	0.3251653916088701		0.354968814969	0.645031185031	0.354968814969	0.74714893617	0.996043010753	0.74714893617
curcumin	0.32628867889757096		0.351268191268	0.648731808732	0.351268191268	0.74714893617	0.996043010753	0.74714893617
austocystin D	0.32854072764164166		0.344449064449	0.655550935551	0.344449064449	0.739642857143	0.996043010753	0.739642857143
ML311	0.32983055870212746		0.340124740125	0.659875259875	0.340124740125	0.733632286996	0.996043010753	0.733632286996
ETP-46464	0.3299356362711859		0.339667359667	0.660332640333	0.339667359667	0.733632286996	0.996043010753	0.733632286996
LE-135	0.3302795769724708		0.338627858628	0.661372141372	0.338627858628	0.733632286996	0.996043010753	0.733632286996
ELCPK	0.3303946232087303		0.338336798337	0.661663201663	0.338336798337	0.733632286996	0.996043010753	0.733632286996
GSK461364	0.33106419006472865		0.335841995842	0.664158004158	0.335841995842	0.733632286996	0.996043010753	0.733632286996
vandetanib	0.33107935406057326		0.335675675676	0.664324324324	0.335675675676	0.733632286996	0.996043010753	0.733632286996
B02	0.3316522680294201		0.333970893971	0.666029106029	0.333970893971	0.733632286996	0.996043010753	0.733632286996
GDC-0941	0.33200159094270437		0.332765072765	0.667234927235	0.332765072765	0.733632286996	0.996043010753	0.733632286996
ciclopirox	0.3320621651680073		0.332557172557	0.667442827443	0.332557172557	0.733632286996	0.996043010753	0.733632286996
DBeQ	0.3329819336715331		0.329937629938	0.670062370062	0.329937629938	0.733632286996	0.996043010753	0.733632286996
CD-1530	0.3343629673364054		0.325405405405	0.674594594595	0.325405405405	0.733632286996	0.996043010753	0.733632286996
quizartinib	0.3347015526697948		0.324365904366	0.675634095634	0.324365904366	0.733632286996	0.996043010753	0.733632286996
CID-5951923	0.3351358111770684		0.322952182952	0.677047817048	0.322952182952	0.733632286996	0.996043010753	0.733632286996
KU-0063794	0.3352837141445067		0.322411642412	0.677588357588	0.322411642412	0.733632286996	0.996043010753	0.733632286996
BRD-K33514849	0.335357755634547		0.322037422037	0.677962577963	0.322037422037	0.733632286996	0.996043010753	0.733632286996
CR-1-31B	0.3360499459102417		0.319916839917	0.680083160083	0.319916839917	0.733632286996	0.996043010753	0.733632286996
paclitaxel	0.33610610167920163		0.319833679834	0.680166320166	0.319833679834	0.733632286996	0.996043010753	0.733632286996
ML006	0.3363164337546756		0.319251559252	0.680748440748	0.319251559252	0.733632286996	0.996043010753	0.733632286996
BRD-K35604418	0.33677925273731923		0.31762993763	0.68237006237	0.31762993763	0.733632286996	0.996043010753	0.733632286996
MK-0752	0.3375178351552141		0.314261954262	0.685738045738	0.314261954262	0.733632286996	0.996043010753	0.733632286996
tipifarnib-P2	0.33925977984442757		0.30948024948	0.69051975052	0.30948024948	0.733300492611	0.996043010753	0.733300492611
tivantinib	0.3402123595702627		0.306029106029	0.693970893971	0.306029106029	0.728712871287	0.996043010753	0.728712871287
ML210	0.3406686028019381		0.30498960499	0.69501039501	0.30498960499	0.728712871287	0.996043010753	0.728712871287
R428	0.3410192913641212		0.303991683992	0.696008316008	0.303991683992	0.728712871287	0.996043010753	0.728712871287
docetaxel	0.342065606923783		0.30079002079	0.69920997921	0.30079002079	0.727035175879	0.996043010753	0.727035175879
C6-ceramide	0.34285506850606157		0.298627858628	0.701372141372	0.298627858628	0.725454545455	0.996043010753	0.725454545455
SR-II-138A	0.3431735280145158		0.297255717256	0.702744282744	0.297255717256	0.725454545455	0.996043010753	0.725454545455
PF-573228	0.343693528145228		0.295758835759	0.704241164241	0.295758835759	0.725454545455	0.996043010753	0.725454545455
SMER-3	0.3441198254789369		0.294345114345	0.705654885655	0.294345114345	0.725454545455	0.996043010753	0.725454545455
tosedostat	0.3445354236713911		0.29288981289	0.70711018711	0.29288981289	0.725454545455	0.996043010753	0.725454545455
abiraterone	0.34567068872870954		0.289189189189	0.710810810811	0.289189189189	0.720725388601	0.996043010753	0.720725388601
decitabine	0.34574510394374225		0.288856548857	0.711143451143	0.288856548857	0.720725388601	0.996043010753	0.720725388601
WZ8040	0.34592113227952764		0.288024948025	0.711975051975	0.288024948025	0.720725388601	0.996043010753	0.720725388601
VX-680	0.34593066369057524		0.288024948025	0.711975051975	0.288024948025	0.720725388601	0.996043010753	0.720725388601
MK-2206	0.34674198724224287		0.285613305613	0.714386694387	0.285613305613	0.720725388601	0.996043010753	0.720725388601
pyrazolanthrone	0.34712870869429735		0.284158004158	0.715841995842	0.284158004158	0.720725388601	0.996043010753	0.720725388601
SID 26681509	0.34776839707927654		0.282203742204	0.717796257796	0.282203742204	0.720725388601	0.996043010753	0.720725388601
vorapaxar	0.3482963493467671		0.280249480249	0.719750519751	0.280249480249	0.720725388601	0.996043010753	0.720725388601
STF-31	0.3488321580602803		0.278711018711	0.721288981289	0.278711018711	0.720725388601	0.996043010753	0.720725388601
triptolide	0.34895451479650286		0.27841995842	0.72158004158	0.27841995842	0.720725388601	0.996043010753	0.720725388601
Ki8751	0.34985923916839423		0.275135135135	0.724864864865	0.275135135135	0.720725388601	0.996043010753	0.720725388601
MI-1	0.3499750462663538		0.274677754678	0.725322245322	0.274677754678	0.720725388601	0.996043010753	0.720725388601
TG-101348	0.3501928775944483		0.274303534304	0.725696465696	0.274303534304	0.720725388601	0.996043010753	0.720725388601
BRD-K49290616	0.3502510196303833		0.274137214137	0.725862785863	0.274137214137	0.720725388601	0.996043010753	0.720725388601
NVP-ADW742	0.3505105397620787		0.273097713098	0.726902286902	0.273097713098	0.720725388601	0.996043010753	0.720725388601
isoevodiamine	0.3527742985237003		0.266486486486	0.733513513514	0.266486486486	0.720112359551	0.996043010753	0.720112359551
GSK4112	0.3543803328400543		0.26158004158	0.73841995842	0.26158004158	0.710847457627	0.996043010753	0.710847457627
BRD-A86708339	0.3549083635242256		0.260083160083	0.739916839917	0.260083160083	0.710795454545	0.996043010753	0.710795454545
CAY10618	0.35544796865656947		0.258212058212	0.741787941788	0.258212058212	0.709714285714	0.996043010753	0.709714285714
CIL70	0.3556164050931557		0.257713097713	0.742286902287	0.257713097713	0.709714285714	0.996043010753	0.709714285714
PIK-93	0.35568118539313537		0.257505197505	0.742494802495	0.257505197505	0.709714285714	0.996043010753	0.709714285714
sirolimus	0.35681579501575317		0.253970893971	0.746029106029	0.253970893971	0.709714285714	0.996043010753	0.709714285714
GANT-61	0.3568641068419442		0.253762993763	0.746237006237	0.253762993763	0.709714285714	0.996043010753	0.709714285714
HLI 373	0.3572851509821144		0.252806652807	0.747193347193	0.252806652807	0.709714285714	0.996043010753	0.709714285714
WZ4002	0.3581855160209247		0.250436590437	0.749563409563	0.250436590437	0.709714285714	0.996043010753	0.709714285714
bosutinib	0.3582745410255709		0.25027027027	0.74972972973	0.25027027027	0.709714285714	0.996043010753	0.709714285714
tacedinaline	0.35839546285763024		0.250103950104	0.749896049896	0.250103950104	0.709714285714	0.996043010753	0.709714285714
tivozanib	0.3586697744041579		0.249313929314	0.750686070686	0.249313929314	0.709714285714	0.996043010753	0.709714285714
AZD4547	0.35971517256510616		0.246528066528	0.753471933472	0.246528066528	0.709714285714	0.996043010753	0.709714285714
Ko-143	0.3603183640031325		0.244615384615	0.755384615385	0.244615384615	0.709714285714	0.996043010753	0.709714285714
AZ-3146	0.3606965951961571		0.243742203742	0.756257796258	0.243742203742	0.709714285714	0.996043010753	0.709714285714
BRD-K55116708	0.3618243975825991		0.240540540541	0.759459459459	0.240540540541	0.709714285714	0.996043010753	0.709714285714
spautin-1	0.361852404931998		0.240457380457	0.759542619543	0.240457380457	0.709714285714	0.996043010753	0.709714285714
nakiterpiosin	0.36226231760660693		0.238711018711	0.761288981289	0.238711018711	0.709714285714	0.996043010753	0.709714285714
manumycin A	0.3624913011233005		0.238212058212	0.761787941788	0.238212058212	0.709714285714	0.996043010753	0.709714285714
PF-184	0.3631050676166019		0.236299376299	0.763700623701	0.236299376299	0.709714285714	0.996043010753	0.709714285714
PF-750	0.363274582902546		0.236008316008	0.763991683992	0.236008316008	0.709714285714	0.996043010753	0.709714285714
SNX-2112	0.3637875167480447		0.234303534304	0.765696465696	0.234303534304	0.709714285714	0.996043010753	0.709714285714
fluvastatin	0.3639221239107451		0.234054054054	0.765945945946	0.234054054054	0.709714285714	0.996043010753	0.709714285714
PX-12	0.3664844456626061		0.22632016632	0.77367983368	0.22632016632	0.706883116883	0.996043010753	0.706883116883
MK-1775	0.3668450505786758		0.225280665281	0.774719334719	0.225280665281	0.706883116883	0.996043010753	0.706883116883
OSI-930	0.3669605557550385		0.225114345114	0.774885654886	0.225114345114	0.706883116883	0.996043010753	0.706883116883
KW-2449	0.3671685600145453		0.224781704782	0.775218295218	0.224781704782	0.706883116883	0.996043010753	0.706883116883
BRD-K96431673	0.36784341748053917		0.222993762994	0.777006237006	0.222993762994	0.706883116883	0.996043010753	0.706883116883
BRD-K96970199	0.36785212208914636		0.222952182952	0.777047817048	0.222952182952	0.706883116883	0.996043010753	0.706883116883
AZD7762	0.3693698257725922		0.218752598753	0.781247401247	0.218752598753	0.706883116883	0.996043010753	0.706883116883
avicin D	0.3697861874340501		0.21762993763	0.78237006237	0.21762993763	0.706883116883	0.996043010753	0.706883116883
veliparib	0.37024300214477773		0.217006237006	0.782993762994	0.217006237006	0.706883116883	0.996043010753	0.706883116883
FQI-1	0.37044464837301105		0.216548856549	0.783451143451	0.216548856549	0.706883116883	0.996043010753	0.706883116883
TPCA-1	0.3711664120275103		0.214844074844	0.785155925156	0.214844074844	0.706883116883	0.996043010753	0.706883116883
pazopanib	0.37173615133942506		0.21343035343	0.78656964657	0.21343035343	0.706883116883	0.996043010753	0.706883116883
BRD-K90370028	0.37241119479958396		0.211476091476	0.788523908524	0.211476091476	0.706883116883	0.996043010753	0.706883116883
BRD-K04800985	0.37268683119516044		0.210644490644	0.789355509356	0.210644490644	0.706883116883	0.996043010753	0.706883116883
ciclosporin	0.37354827832810245		0.207817047817	0.792182952183	0.207817047817	0.706883116883	0.996043010753	0.706883116883
BRD-K17060750	0.375541874993107		0.20316008316	0.79683991684	0.20316008316	0.703021582734	0.996043010753	0.703021582734
JW-480	0.37629016202036447		0.201205821206	0.798794178794	0.201205821206	0.701304347826	0.996043010753	0.701304347826
neratinib	0.376304536442814		0.201205821206	0.798794178794	0.201205821206	0.701304347826	0.996043010753	0.701304347826
staurosporine	0.3765359483335751		0.200457380457	0.799542619543	0.200457380457	0.701304347826	0.996043010753	0.701304347826
NVP-BEZ235	0.3776522869878103		0.197671517672	0.802328482328	0.197671517672	0.701304347826	0.996043010753	0.701304347826
bardoxolone methyl	0.3782184625689378		0.19604989605	0.80395010395	0.19604989605	0.701304347826	0.996043010753	0.701304347826
momelotinib	0.37901894137831776		0.193929313929	0.806070686071	0.193929313929	0.701304347826	0.996043010753	0.701304347826
SKI-II	0.37917604903833013		0.193305613306	0.806694386694	0.193305613306	0.701304347826	0.996043010753	0.701304347826
GMX-1778	0.37926474214538447		0.193056133056	0.806943866944	0.193056133056	0.701304347826	0.996043010753	0.701304347826
AGK-2	0.37947745944703426		0.192432432432	0.807567567568	0.192432432432	0.701304347826	0.996043010753	0.701304347826
fluorouracil	0.37954045327369573		0.192266112266	0.807733887734	0.192266112266	0.701304347826	0.996043010753	0.701304347826
tamatinib	0.3799829256301179		0.191434511435	0.808565488565	0.191434511435	0.701304347826	0.996043010753	0.701304347826
navitoclax	0.3801136022989103		0.19106029106	0.80893970894	0.19106029106	0.701304347826	0.996043010753	0.701304347826
WAY-362450	0.3806244973696399		0.18972972973	0.81027027027	0.18972972973	0.701304347826	0.996043010753	0.701304347826
fingolimod	0.3808854261652647		0.188898128898	0.811101871102	0.188898128898	0.701304347826	0.996043010753	0.701304347826
L-685458	0.3809875424174534		0.188648648649	0.811351351351	0.188648648649	0.701304347826	0.996043010753	0.701304347826
alisertib	0.3811404593062064		0.188191268191	0.811808731809	0.188191268191	0.701304347826	0.996043010753	0.701304347826
KU-55933	0.3834460242177255		0.181912681913	0.818087318087	0.181912681913	0.701304347826	0.996043010753	0.701304347826
SZ4TA2	0.38390586893592626		0.18079002079	0.81920997921	0.18079002079	0.701304347826	0.996043010753	0.701304347826
bleomycin A2	0.38415460949961505		0.180291060291	0.819708939709	0.180291060291	0.701304347826	0.996043010753	0.701304347826
thalidomide	0.3844172215153166		0.179750519751	0.820249480249	0.179750519751	0.701304347826	0.996043010753	0.701304347826
NSC632839	0.38471647241613144		0.178711018711	0.821288981289	0.178711018711	0.701304347826	0.996043010753	0.701304347826
nintedanib	0.3847251747759706		0.178669438669	0.821330561331	0.178669438669	0.701304347826	0.996043010753	0.701304347826
pifithrin-alpha	0.38550591892193087		0.176756756757	0.823243243243	0.176756756757	0.701304347826	0.996043010753	0.701304347826
BRD-K50799972	0.3857666848780418		0.175758835759	0.824241164241	0.175758835759	0.701304347826	0.996043010753	0.701304347826
1S,3R-RSL-3	0.38604424551203664		0.174844074844	0.825155925156	0.174844074844	0.701304347826	0.996043010753	0.701304347826
BRD-K14844214	0.3860670047889193		0.174802494802	0.825197505198	0.174802494802	0.701304347826	0.996043010753	0.701304347826
foretinib	0.3891924915514522		0.167234927235	0.832765072765	0.167234927235	0.701304347826	0.996043010753	0.701304347826
importazole	0.3894078330936302		0.166694386694	0.833305613306	0.166694386694	0.701304347826	0.996043010753	0.701304347826
AZD1480	0.38989873558704335		0.165696465696	0.834303534304	0.165696465696	0.701304347826	0.996043010753	0.701304347826
GSK-3 inhibitor IX	0.389945665683126		0.165613305613	0.834386694387	0.165613305613	0.701304347826	0.996043010753	0.701304347826
BMS-754807	0.39034943367587055		0.164365904366	0.835634095634	0.164365904366	0.701304347826	0.996043010753	0.701304347826
axitinib	0.39075439077017016		0.163284823285	0.836715176715	0.163284823285	0.701304347826	0.996043010753	0.701304347826
BRD6340	0.3909989484372208		0.162785862786	0.837214137214	0.162785862786	0.701304347826	0.996043010753	0.701304347826
BRD-A05715709	0.39139661534833664		0.161787941788	0.838212058212	0.161787941788	0.701304347826	0.996043010753	0.701304347826
AC55649	0.3917123555845569		0.161081081081	0.838918918919	0.161081081081	0.701304347826	0.996043010753	0.701304347826
hyperforin	0.39337798298839166		0.157422037422	0.842577962578	0.157422037422	0.701304347826	0.996043010753	0.701304347826
BRD-K02492147	0.3948517872881872		0.153513513514	0.846486486486	0.153513513514	0.701304347826	0.996043010753	0.701304347826
BRD-K64610608	0.39497350085616206		0.153222453222	0.846777546778	0.153222453222	0.701304347826	0.996043010753	0.701304347826
NSC19630	0.3955555717716384		0.151476091476	0.848523908524	0.151476091476	0.701304347826	0.996043010753	0.701304347826
BCL-LZH-4	0.3959590665145011		0.150644490644	0.849355509356	0.150644490644	0.701304347826	0.996043010753	0.701304347826
BIRB-796	0.39602209845188274		0.150478170478	0.849521829522	0.150478170478	0.701304347826	0.996043010753	0.701304347826
VU0155056	0.398497872924559		0.144615384615	0.855384615385	0.144615384615	0.701304347826	0.996043010753	0.701304347826
CIL41	0.39854049740334563		0.144449064449	0.855550935551	0.144449064449	0.701304347826	0.996043010753	0.701304347826
istradefylline	0.39860256640704766		0.144407484407	0.855592515593	0.144407484407	0.701304347826	0.996043010753	0.701304347826
TG-100-115	0.39873081982353986		0.144241164241	0.855758835759	0.144241164241	0.701304347826	0.996043010753	0.701304347826
16-beta-bromoandrosterone	0.3997010341222352		0.14237006237	0.85762993763	0.14237006237	0.701304347826	0.996043010753	0.701304347826
ML083	0.399859418711769		0.141954261954	0.858045738046	0.141954261954	0.701304347826	0.996043010753	0.701304347826
BMS-536924	0.4001850673136353		0.141372141372	0.858627858628	0.141372141372	0.701304347826	0.996043010753	0.701304347826
PF-543	0.40020049654067685		0.141372141372	0.858627858628	0.141372141372	0.701304347826	0.996043010753	0.701304347826
serdemetan	0.40122276378956684		0.139584199584	0.860415800416	0.139584199584	0.701304347826	0.996043010753	0.701304347826
KU-60019	0.40243575751423377		0.13659043659	0.86340956341	0.13659043659	0.701304347826	0.996043010753	0.701304347826
gefitinib	0.4026912568877859		0.135841995842	0.864158004158	0.135841995842	0.701304347826	0.996043010753	0.701304347826
ABT-737	0.4031940074004401		0.134386694387	0.865613305613	0.134386694387	0.701304347826	0.996043010753	0.701304347826
CBB-1007	0.40550794956894176		0.12948024948	0.87051975052	0.12948024948	0.701304347826	0.996043010753	0.701304347826
cediranib	0.4070528396124836		0.126444906445	0.873555093555	0.126444906445	0.701304347826	0.996043010753	0.701304347826
saracatinib	0.4072075318145481		0.126070686071	0.873929313929	0.126070686071	0.701304347826	0.996043010753	0.701304347826
azacitidine	0.40745297124341284		0.125696465696	0.874303534304	0.125696465696	0.701304347826	0.996043010753	0.701304347826
Compound 7d-cis	0.4082111247118957		0.124282744283	0.875717255717	0.124282744283	0.701304347826	0.996043010753	0.701304347826
RITA	0.4083915271240653		0.123991683992	0.876008316008	0.123991683992	0.701304347826	0.996043010753	0.701304347826
linifanib	0.4084327189716003		0.123866943867	0.876133056133	0.123866943867	0.701304347826	0.996043010753	0.701304347826
MGCD-265	0.41071123520187575		0.118378378378	0.881621621622	0.118378378378	0.701304347826	0.996043010753	0.701304347826
sildenafil	0.410869867033669		0.118295218295	0.881704781705	0.118295218295	0.701304347826	0.996043010753	0.701304347826
968	0.41138412560222176		0.117297297297	0.882702702703	0.117297297297	0.701304347826	0.996043010753	0.701304347826
BRD-K75293299	0.41148478128015276		0.117130977131	0.882869022869	0.117130977131	0.701304347826	0.996043010753	0.701304347826
NPC-26	0.4124931590790898		0.11525987526	0.88474012474	0.11525987526	0.701304347826	0.996043010753	0.701304347826
CHIR-99021	0.4138153457506779		0.112266112266	0.887733887734	0.112266112266	0.701304347826	0.996043010753	0.701304347826
sitagliptin	0.4144982935699738		0.110810810811	0.889189189189	0.110810810811	0.701304347826	0.996043010753	0.701304347826
A-804598	0.41475187520798795		0.110561330561	0.889438669439	0.110561330561	0.701304347826	0.996043010753	0.701304347826
SGX-523	0.4147857096506631		0.110436590437	0.889563409563	0.110436590437	0.701304347826	0.996043010753	0.701304347826
TGX-221	0.4152939488831486		0.109355509356	0.890644490644	0.109355509356	0.701304347826	0.996043010753	0.701304347826
fumonisin B1	0.4153803011265757		0.109106029106	0.890893970894	0.109106029106	0.701304347826	0.996043010753	0.701304347826
NVP-TAE684	0.4156787490828081		0.108607068607	0.891392931393	0.108607068607	0.701304347826	0.996043010753	0.701304347826
MI-2	0.4175277025258499		0.104449064449	0.895550935551	0.104449064449	0.701304347826	0.996043010753	0.701304347826
etomoxir	0.4192769303482175		0.101538461538	0.898461538462	0.101538461538	0.701304347826	0.996043010753	0.701304347826
BRD-A71883111	0.41976114606077497		0.100415800416	0.899584199584	0.100415800416	0.701304347826	0.996043010753	0.701304347826
PRIMA-1-Met	0.42023326899602903		0.099501039501	0.900498960499	0.099501039501	0.701304347826	0.996043010753	0.701304347826
BRD-K09587429	0.42184851688398445		0.0967151767152	0.903284823285	0.0967151767152	0.701304347826	0.996043010753	0.701304347826
barasertib	0.4220710400664374		0.0964241164241	0.903575883576	0.0964241164241	0.701304347826	0.996043010753	0.701304347826
CIL56	0.4230760729873877		0.0948440748441	0.905155925156	0.0948440748441	0.701304347826	0.996043010753	0.701304347826
blebbistatin	0.4231547875295331		0.0946777546778	0.905322245322	0.0946777546778	0.701304347826	0.996043010753	0.701304347826
Compound 23 citrate	0.42408016491781525		0.092972972973	0.907027027027	0.092972972973	0.701304347826	0.996043010753	0.701304347826
lenvatinib	0.4241603923196807		0.092972972973	0.907027027027	0.092972972973	0.701304347826	0.996043010753	0.701304347826
BRD-K02251932	0.4242359314080278		0.0928898128898	0.90711018711	0.0928898128898	0.701304347826	0.996043010753	0.701304347826
cytochalasin B	0.4246617092550807		0.0924324324324	0.907567567568	0.0924324324324	0.701304347826	0.996043010753	0.701304347826
BRD-K28456706	0.4254947733350969		0.090893970894	0.909106029106	0.090893970894	0.701304347826	0.996043010753	0.701304347826
epigallocatechin-3-monogallate	0.4257290513763419		0.0904781704782	0.909521829522	0.0904781704782	0.701304347826	0.996043010753	0.701304347826
BRD1835	0.42624758099994564		0.0894802494802	0.91051975052	0.0894802494802	0.701304347826	0.996043010753	0.701304347826
skepinone-L	0.4270673451642291		0.0881496881497	0.91185031185	0.0881496881497	0.701304347826	0.996043010753	0.701304347826
BRD-K19103580	0.4276163029812067		0.0874012474012	0.912598752599	0.0874012474012	0.701304347826	0.996043010753	0.701304347826
BRD-K33199242	0.4279660712440076		0.0869438669439	0.913056133056	0.0869438669439	0.701304347826	0.996043010753	0.701304347826
zebularine	0.42855793798582		0.0858627858628	0.914137214137	0.0858627858628	0.701304347826	0.996043010753	0.701304347826
ML050	0.42876053714365414		0.0853638253638	0.914636174636	0.0853638253638	0.701304347826	0.996043010753	0.701304347826
HC-067047	0.429990403306905		0.0837006237006	0.916299376299	0.0837006237006	0.701304347826	0.996043010753	0.701304347826
BRD-K41597374	0.43002700816042083		0.0837006237006	0.916299376299	0.0837006237006	0.701304347826	0.996043010753	0.701304347826
tacrolimus	0.43051328486636814		0.0823284823285	0.917671517672	0.0823284823285	0.701304347826	0.996043010753	0.701304347826
chlorambucil	0.4309231252625903		0.0818711018711	0.918128898129	0.0818711018711	0.701304347826	0.996043010753	0.701304347826
XL765	0.4310219961895651		0.0817879417879	0.918212058212	0.0817879417879	0.701304347826	0.996043010753	0.701304347826
ML239	0.43113685565532284		0.0816632016632	0.918336798337	0.0816632016632	0.701304347826	0.996043010753	0.701304347826
necrostatin-1	0.43172610728073796		0.0808316008316	0.919168399168	0.0808316008316	0.701304347826	0.996043010753	0.701304347826
Mdivi-1	0.431972340868325		0.0804158004158	0.919584199584	0.0804158004158	0.701304347826	0.996043010753	0.701304347826
lapatinib	0.4337610059010103		0.0770062370062	0.922993762994	0.0770062370062	0.701304347826	0.996043010753	0.701304347826
ABT-199	0.43564385160472235		0.0736798336798	0.92632016632	0.0736798336798	0.701304347826	0.996043010753	0.701304347826
FSC231	0.43624204597477667		0.0724324324324	0.927567567568	0.0724324324324	0.701304347826	0.996043010753	0.701304347826
BRD-K26531177	0.4364544912584437		0.0719334719335	0.928066528067	0.0719334719335	0.701304347826	0.996043010753	0.701304347826
BRD-K01737880	0.43841485783116046		0.0687318087318	0.931268191268	0.0687318087318	0.701304347826	0.996043010753	0.701304347826
dasatinib	0.4393619013499781		0.0672765072765	0.932723492723	0.0672765072765	0.701304347826	0.996043010753	0.701304347826
indisulam	0.4398263612309577		0.0663617463617	0.933638253638	0.0663617463617	0.701304347826	0.996043010753	0.701304347826
olaparib	0.4427340333276547		0.0614553014553	0.938544698545	0.0614553014553	0.701304347826	0.996043010753	0.701304347826
erlotinib	0.44432221644993797		0.0592931392931	0.940706860707	0.0592931392931	0.701304347826	0.996043010753	0.701304347826
cyanoquinoline 11	0.44645563945024963		0.0561330561331	0.943866943867	0.0561330561331	0.701304347826	0.996043010753	0.701304347826
NSC23766	0.4480947789562656		0.0530145530146	0.946985446985	0.0530145530146	0.701304347826	0.996043010753	0.701304347826
BRD-K13999467	0.4510159157494401		0.0493970893971	0.950602910603	0.0493970893971	0.701304347826	0.996043010753	0.701304347826
RG-108	0.4510350038945284		0.0493555093555	0.950644490644	0.0493555093555	0.701304347826	0.996043010753	0.701304347826
lomeguatrib	0.45243564770874334		0.0475675675676	0.952432432432	0.0475675675676	0.701304347826	0.996043010753	0.701304347826
ML029	0.4558654120095161		0.0432848232848	0.956715176715	0.0432848232848	0.701304347826	0.996043010753	0.701304347826
erastin	0.4567299853358682		0.0421205821206	0.957879417879	0.0421205821206	0.701304347826	0.996043010753	0.701304347826
ML162	0.457350172774924		0.041288981289	0.958711018711	0.041288981289	0.701304347826	0.996043010753	0.701304347826
BYL-719	0.4578054391559435		0.0407484407484	0.959251559252	0.0407484407484	0.701304347826	0.996043010753	0.701304347826
PF-4800567 hydrochloride	0.45847685409965183	0.11577519512493882	0.0394594594595	0.960540540541	0.0394594594595	0.701304347826	0.996043010753	0.701304347826
tretinoin	0.45857870365857234	0.11815965122487238	0.0392931392931	0.960706860707	0.0392931392931	0.701304347826	0.996043010753	0.701304347826
canertinib	0.4587988073518973	0.01669089680691996	0.0390020790021	0.960997920998	0.0390020790021	0.701304347826	0.996043010753	0.701304347826
itraconazole	0.4606636499458733	0.09097286189966836	0.0370893970894	0.962910602911	0.0370893970894	0.701304347826	0.996043010753	0.701304347826
BRD-K52037352	0.46593214728878446	0.116457886549407	0.0323492723493	0.967650727651	0.0323492723493	0.701304347826	0.997214137214	0.701304347826
avrainvillamide	0.47438705452060326	0.046836962341791924	0.0251975051975	0.974802494802	0.0251975051975	0.701304347826	0.997214137214	0.701304347826
necrostatin-7	0.47469727047825233	0.016110653376467856	0.0249064449064	0.975093555094	0.0249064449064	0.701304347826	0.997214137214	0.701304347826
SR1001	0.47688537509188095	0.10374607993516712	0.0234927234927	0.976507276507	0.0234927234927	0.701304347826	0.997214137214	0.701304347826
JW-74	0.4827084532617284	0.014786220986847074	0.0200415800416	0.979958419958	0.0200415800416	0.701304347826	0.997214137214	0.701304347826
Repligen 136	0.48494449740150464	0.14195680603543714	0.0188357588358	0.981164241164	0.0188357588358	0.701304347826	0.997214137214	0.701304347826
tamoxifen	0.4892618014150969	0.058848865857529555	0.0162162162162	0.983783783784	0.0162162162162	0.701304347826	0.997214137214	0.701304347826
ibrutinib	0.492659364130648	0.016399093798109905	0.0143035343035	0.985696465696	0.0143035343035	0.701304347826	0.997214137214	0.701304347826
afatinib	0.49373533108669926	0.013357178390012233	0.0138045738046	0.986195426195	0.0138045738046	0.701304347826	0.997214137214	0.701304347826
ruxolitinib	0.5014055471544583	0.018333391770270817	0.0108108108108	0.989189189189	0.0108108108108	0.701304347826	0.997214137214	0.701304347826
BMS-195614	0.5022561994305118	0.12608221845134948	0.010395010395	0.989604989605	0.010395010395	0.701304347826	0.997214137214	0.701304347826
IU1	0.5075833193811576	0.14808827594901755	0.00864864864865	0.991351351351	0.00864864864865	0.701304347826	0.997214137214	0.701304347826
PD 153035	0.5104765294108375	0.014574642280146472	0.00773388773389	0.992266112266	0.00773388773389	0.701304347826	0.997214137214	0.701304347826
JW-55	0.520322072989259	0.09840007566419705	0.00544698544699	0.994553014553	0.00544698544699	0.701304347826	0.997214137214	0.701304347826
SB-431542	0.5354045646085258	0.01431179642284917	0.0029106029106	0.997089397089	0.0029106029106	0.7	0.997214137214	0.7
linsitinib	0.5365106913495306	0.11215942107847893	0.00278586278586	0.997214137214	0.00278586278586	0.7	0.997214137214	0.7
