	score	0.95 moe	p-value (forward)	p-value (reverse)	p-value	fdr (forward)	fdr (reverse)	fdr
erlotinib	-0.6117414317376082	0.015288977278188886	1.0	4.158004158004158e-05	4.158004158004158e-05	1.0	0.006666666666666666	0.006666666666666666
afatinib	-0.6090900620106262	0.013172283814730942	1.0	4.158004158004158e-05	4.158004158004158e-05	1.0	0.006666666666666666	0.006666666666666666
PD 153035	-0.6088748044447052	0.015559460385559807	1.0	4.158004158004158e-05	4.158004158004158e-05	1.0	0.006666666666666666	0.006666666666666666
lapatinib	-0.5494380830020354	0.015344003037139278	0.999750519751	0.00024948024948	0.00024948024948	1.0	0.03	0.03
canertinib	-0.5382729227881361	0.01604264359329795	0.999542619543	0.00045738045738	0.00045738045738	1.0	0.044	0.044
gefitinib	-0.5065862341279254	0.013151400452570853	0.998087318087	0.00191268191268	0.00191268191268	1.0	0.153333333333	0.153333333333
ibrutinib	-0.5007424704694223	0.01965425419018669	0.997588357588	0.00241164241164	0.00241164241164	1.0	0.165714285714	0.165714285714
saracatinib	-0.46878515976927687	0.01179490987421376	0.993305613306	0.00669438669439	0.00669438669439	1.0	0.352307692308	0.352307692308
bosutinib	-0.4605323031835036	0.014209643255441065	0.992016632017	0.00798336798337	0.00798336798337	1.0	0.352307692308	0.352307692308
neratinib	-0.4585904970020299	0.01419058870369052	0.991268191268	0.00873180873181	0.00873180873181	1.0	0.352307692308	0.352307692308
SB-431542	-0.45604186618407716	0.05382791238112193	0.990852390852	0.00914760914761	0.00914760914761	1.0	0.352307692308	0.352307692308
vandetanib	-0.4554023205970145	0.01575514237947877	0.990769230769	0.00923076923077	0.00923076923077	1.0	0.352307692308	0.352307692308
birinapant	-0.4541566250277495	0.11034039881086832	0.990478170478	0.00952182952183	0.00952182952183	1.0	0.352307692308	0.352307692308
dasatinib	-0.4460162533452376	0.012896035468355499	0.9879002079	0.0120997920998	0.0120997920998	1.0	0.415714285714	0.415714285714
PRIMA-1-Met	-0.4418436926614493	0.1316848445175525	0.985696465696	0.0143035343035	0.0143035343035	1.0	0.452222222222	0.452222222222
BRD-K19103580	-0.4372049724848852	0.08464343535493762	0.983742203742	0.0162577962578	0.0162577962578	1.0	0.452222222222	0.452222222222
LY-2157299	-0.4371468274796604	0.0642557293606204	0.983742203742	0.0162577962578	0.0162577962578	1.0	0.452222222222	0.452222222222
BRD-K29086754	-0.43577257198487507	0.11959621071246795	0.983076923077	0.0169230769231	0.0169230769231	1.0	0.452222222222	0.452222222222
NSC23766	-0.4256347497927607	0.12731041575120813	0.977588357588	0.0224116424116	0.0224116424116	1.0	0.540952380952	0.540952380952
BRD-K49290616	-0.42495080990632517	0.09008664824831367	0.977006237006	0.0229937629938	0.0229937629938	1.0	0.540952380952	0.540952380952
BRD-K52037352	-0.4236994867586069		0.976382536383	0.0236174636175	0.0236174636175	1.0	0.540952380952	0.540952380952
JW-55	-0.4192068695673505		0.973804573805	0.0261954261954	0.0261954261954	1.0	0.564347826087	0.564347826087
O-6-benzylguanine	-0.4180926134996892		0.973014553015	0.0269854469854	0.0269854469854	1.0	0.564347826087	0.564347826087
blebbistatin	-0.4155059973977308		0.971268191268	0.0287318087318	0.0287318087318	1.0	0.575833333333	0.575833333333
staurosporine	-0.4111668733067933		0.967817047817	0.032182952183	0.032182952183	1.0	0.6192	0.6192
sitagliptin	-0.4069745648684916		0.964781704782	0.0352182952183	0.0352182952183	1.0	0.620714285714	0.620714285714
968	-0.4068259549154292		0.964532224532	0.0354677754678	0.0354677754678	1.0	0.620714285714	0.620714285714
BYL-719	-0.4058287463873671		0.963866943867	0.0361330561331	0.0361330561331	1.0	0.620714285714	0.620714285714
necrostatin-7	-0.4035301988487993		0.961871101871	0.0381288981289	0.0381288981289	1.0	0.632413793103	0.632413793103
tamoxifen	-0.39908150718910884		0.957006237006	0.0429937629938	0.0429937629938	1.0	0.689333333333	0.689333333333
WZ8040	-0.3964601231634335		0.954178794179	0.0458212058212	0.0458212058212	1.0	0.710967741935	0.710967741935
itraconazole	-0.3948140513024228		0.952557172557	0.0474428274428	0.0474428274428	1.0	0.713125	0.713125
BRD-K75293299	-0.391364243084222		0.949064449064	0.0509355509356	0.0509355509356	1.0	0.727647058824	0.727647058824
cyanoquinoline 11	-0.3908292431816883		0.948565488565	0.0514345114345	0.0514345114345	1.0	0.727647058824	0.727647058824
BRD-K02251932	-0.3878293832322189		0.945155925156	0.0548440748441	0.0548440748441	1.0	0.753714285714	0.753714285714
bleomycin A2	-0.3858366266489999		0.942453222453	0.0575467775468	0.0575467775468	1.0	0.768888888889	0.768888888889
ruxolitinib	-0.3824467236311098		0.938087318087	0.0619126819127	0.0619126819127	1.0	0.790769230769	0.790769230769
BRD-K86535717	-0.3812443515870225		0.936299376299	0.0637006237006	0.0637006237006	1.0	0.790769230769	0.790769230769
leptomycin B	-0.38085165753510064		0.935883575884	0.0641164241164	0.0641164241164	1.0	0.790769230769	0.790769230769
FGIN-1-27	-0.37819644231376065		0.932474012474	0.067525987526	0.067525987526	1.0	0.812	0.812
L-685458	-0.37486040497469303		0.927692307692	0.0723076923077	0.0723076923077	1.0	0.848292682927	0.848292682927
FSC231	-0.37278160378816355		0.923243243243	0.0767567567568	0.0767567567568	1.0	0.862325581395	0.862325581395
BRD-K96431673	-0.3723447192262836		0.922910602911	0.0770893970894	0.0770893970894	1.0	0.862325581395	0.862325581395
trametinib	-0.37023187436409466		0.920083160083	0.0799168399168	0.0799168399168	1.0	0.873636363636	0.873636363636
WZ4002	-0.36549336725691184		0.911767151767	0.0882328482328	0.0882328482328	1.0	0.943111111111	0.943111111111
semagacestat	-0.3578679998307062		0.897588357588	0.102411642412	0.102411642412	0.990229357798	0.982631578947	0.982631578947
BRD-K09587429	-0.35785316158109104		0.897505197505	0.102494802495	0.102494802495	0.990229357798	0.982631578947	0.982631578947
BRD-K44224150	-0.35622353512789084		0.893970893971	0.106029106029	0.106029106029	0.990229357798	0.982631578947	0.982631578947
BRD-K02492147	-0.3561634928298745		0.893929313929	0.106070686071	0.106070686071	0.990229357798	0.982631578947	0.982631578947
BRD6340	-0.3539571724160249		0.889521829522	0.110478170478	0.110478170478	0.990229357798	0.982631578947	0.982631578947
austocystin D	-0.3538154246221912		0.889230769231	0.110769230769	0.110769230769	0.990229357798	0.982631578947	0.982631578947
PD318088	-0.35159402273808477		0.884698544699	0.115301455301	0.115301455301	0.989627906977	0.982631578947	0.982631578947
BRD-A71883111	-0.3515042301979146		0.884615384615	0.115384615385	0.115384615385	0.989627906977	0.982631578947	0.982631578947
etomoxir	-0.35094794230438453		0.883076923077	0.116923076923	0.116923076923	0.989627906977	0.982631578947	0.982631578947
lomeguatrib	-0.3498252304326743		0.880956340956	0.119043659044	0.119043659044	0.989627906977	0.982631578947	0.982631578947
HC-067047	-0.3498010287460277		0.880914760915	0.119085239085	0.119085239085	0.989627906977	0.982631578947	0.982631578947
fluorouracil	-0.34957003842889267		0.880332640333	0.119667359667	0.119667359667	0.989627906977	0.982631578947	0.982631578947
BRD-K33199242	-0.3461003450077409		0.873846153846	0.126153846154	0.126153846154	0.989627906977	0.982631578947	0.982631578947
BRD-K96970199	-0.3452068849824943		0.8720997921	0.1279002079	0.1279002079	0.989627906977	0.982631578947	0.982631578947
fumonisin B1	-0.3440003265149365		0.870103950104	0.129896049896	0.129896049896	0.989627906977	0.982631578947	0.982631578947
PF-543	-0.3433294102064643		0.868523908524	0.131476091476	0.131476091476	0.989627906977	0.982631578947	0.982631578947
MI-1	-0.3426984639793944		0.86735966736	0.13264033264	0.13264033264	0.989627906977	0.982631578947	0.982631578947
VER-155008	-0.3426494401761305		0.867318087318	0.132681912682	0.132681912682	0.989627906977	0.982631578947	0.982631578947
KU-55933	-0.3386640222867944		0.857837837838	0.142162162162	0.142162162162	0.987129186603	0.982631578947	0.982631578947
Compound 23 citrate	-0.3379851490441001		0.855925155925	0.144074844075	0.144074844075	0.987129186603	0.982631578947	0.982631578947
thalidomide	-0.3373258843275977		0.854885654886	0.145114345114	0.145114345114	0.987129186603	0.982631578947	0.982631578947
A-804598	-0.33702082853268595		0.853970893971	0.146029106029	0.146029106029	0.987129186603	0.982631578947	0.982631578947
SNS-032	-0.3367506266055219		0.85343035343	0.14656964657	0.14656964657	0.987129186603	0.982631578947	0.982631578947
AGK-2	-0.3357853437745724		0.851351351351	0.148648648649	0.148648648649	0.987129186603	0.982631578947	0.982631578947
PHA-793887	-0.33529629676944306		0.850436590437	0.149563409563	0.149563409563	0.987129186603	0.982631578947	0.982631578947
tamatinib	-0.33507718074777654		0.850062370062	0.149937629938	0.149937629938	0.987129186603	0.982631578947	0.982631578947
BRD-K27224038	-0.33422831643183865		0.847858627859	0.152141372141	0.152141372141	0.987129186603	0.982631578947	0.982631578947
AT13387	-0.33317866762483284		0.845363825364	0.154636174636	0.154636174636	0.987129186603	0.982631578947	0.982631578947
JW-480	-0.33301295834561273		0.844948024948	0.155051975052	0.155051975052	0.987129186603	0.982631578947	0.982631578947
VU0155056	-0.33294305478356173		0.844781704782	0.155218295218	0.155218295218	0.987129186603	0.982631578947	0.982631578947
BRD-K16147474	-0.33289784182153964		0.84474012474	0.15525987526	0.15525987526	0.987129186603	0.982631578947	0.982631578947
myriocin	-0.330141124781062		0.838752598753	0.161247401247	0.161247401247	0.987129186603	0.98962962963	0.98962962963
BRD-K78574327	-0.32942738558511225		0.836923076923	0.163076923077	0.163076923077	0.987129186603	0.98962962963	0.98962962963
BRD-K48334597	-0.328173991300041		0.833638253638	0.166361746362	0.166361746362	0.987129186603	0.98962962963	0.98962962963
BRD-K71781559	-0.3280945081511998		0.833555093555	0.166444906445	0.166444906445	0.987129186603	0.98962962963	0.98962962963
GSK1059615	-0.32799145449555867		0.833347193347	0.166652806653	0.166652806653	0.987129186603	0.98962962963	0.98962962963
WAY-362450	-0.3257397300209594		0.828274428274	0.171725571726	0.171725571726	0.987129186603	0.999459459459	0.999459459459
tosedostat	-0.3210786756138924		0.816299376299	0.183700623701	0.183700623701	0.984060150376	0.999459459459	0.999459459459
istradefylline	-0.320779279040919		0.815384615385	0.184615384615	0.184615384615	0.984060150376	0.999459459459	0.999459459459
triptolide	-0.31824204400824224		0.807567567568	0.192432432432	0.192432432432	0.978438287154	0.999459459459	0.999459459459
pyrazolanthrone	-0.3181212765462386		0.807193347193	0.192806652807	0.192806652807	0.978438287154	0.999459459459	0.999459459459
selumetinib	-0.3179798097762707		0.806652806653	0.193347193347	0.193347193347	0.978438287154	0.999459459459	0.999459459459
BRD-K55116708	-0.31755695809050466		0.805862785863	0.194137214137	0.194137214137	0.978438287154	0.999459459459	0.999459459459
curcumin	-0.3175290102958731		0.805738045738	0.194261954262	0.194261954262	0.978438287154	0.999459459459	0.999459459459
BRD-K17060750	-0.31710184625873716		0.804864864865	0.195135135135	0.195135135135	0.978438287154	0.999459459459	0.999459459459
BMS-536924	-0.3166443041145563		0.803742203742	0.196257796258	0.196257796258	0.978438287154	0.999459459459	0.999459459459
ML258	-0.3153940062598762		0.801122661123	0.198877338877	0.198877338877	0.978438287154	0.999459459459	0.999459459459
KPT185	-0.31410990044529696		0.797962577963	0.202037422037	0.202037422037	0.978438287154	0.999459459459	0.999459459459
ML312	-0.31215644032040907		0.793305613306	0.206694386694	0.206694386694	0.978438287154	0.999459459459	0.999459459459
SNX-2112	-0.31177664635121427		0.792557172557	0.207442827443	0.207442827443	0.978438287154	0.999459459459	0.999459459459
BCL-LZH-4	-0.311742887598222		0.792432432432	0.207567567568	0.207567567568	0.978438287154	0.999459459459	0.999459459459
CAY10594	-0.31140225784393694		0.791517671518	0.208482328482	0.208482328482	0.978438287154	0.999459459459	0.999459459459
BRD-K41334119	-0.30986229870569487		0.787775467775	0.212224532225	0.212224532225	0.978438287154	0.999459459459	0.999459459459
BRD-A05715709	-0.3089805829807965		0.78474012474	0.21525987526	0.21525987526	0.978438287154	0.999459459459	0.999459459459
GDC-0941	-0.3079153681749421		0.780956340956	0.219043659044	0.219043659044	0.978438287154	0.999459459459	0.999459459459
CR-1-31B	-0.3072955173410866		0.779625779626	0.220374220374	0.220374220374	0.978438287154	0.999459459459	0.999459459459
SR-II-138A	-0.30718186399554614		0.779376299376	0.220623700624	0.220623700624	0.978438287154	0.999459459459	0.999459459459
TGX-221	-0.30574897727886796		0.775301455301	0.224698544699	0.224698544699	0.978438287154	0.999459459459	0.999459459459
BRD-K66453893	-0.30526728535348446		0.773555093555	0.226444906445	0.226444906445	0.978438287154	0.999459459459	0.999459459459
BRD-K27986637	-0.30520302580239267		0.773388773389	0.226611226611	0.226611226611	0.978438287154	0.999459459459	0.999459459459
decitabine	-0.30321862389813137		0.768399168399	0.231600831601	0.231600831601	0.978438287154	0.999459459459	0.999459459459
C6-ceramide	-0.3029873609401486		0.767983367983	0.232016632017	0.232016632017	0.978438287154	0.999459459459	0.999459459459
GSK4112	-0.3003002869647001		0.761288981289	0.238711018711	0.238711018711	0.978438287154	0.999459459459	0.999459459459
VAF-347	-0.30010127264899594		0.760956340956	0.239043659044	0.239043659044	0.978438287154	0.999459459459	0.999459459459
BRD8899	-0.29776568544993		0.753929313929	0.246070686071	0.246070686071	0.974838709677	0.999459459459	0.999459459459
tanespimycin	-0.2969350707643306		0.751476091476	0.248523908524	0.248523908524	0.974285714286	0.999459459459	0.999459459459
dinaciclib	-0.29580366839998595		0.748565488565	0.251434511435	0.251434511435	0.973135135135	0.999459459459	0.999459459459
Ch-55	-0.2942403877228785		0.744158004158	0.255841995842	0.255841995842	0.970027100271	0.999459459459	0.999459459459
AZD7762	-0.29386963639254177		0.743118503119	0.256881496881	0.256881496881	0.970027100271	0.999459459459	0.999459459459
CD-1530	-0.2933110089022193		0.741330561331	0.258669438669	0.258669438669	0.970027100271	0.999459459459	0.999459459459
narciclasine	-0.29289724114831506		0.740166320166	0.259833679834	0.259833679834	0.970027100271	0.999459459459	0.999459459459
importazole	-0.2913564980196241		0.735384615385	0.264615384615	0.264615384615	0.969095890411	0.999459459459	0.999459459459
GW-843682X	-0.2894135144628559		0.72972972973	0.27027027027	0.27027027027	0.964285714286	0.999459459459	0.999459459459
BRD-K50799972	-0.2881006301231506		0.726070686071	0.273929313929	0.273929313929	0.962093663912	0.999459459459	0.999459459459
BIRB-796	-0.287717865681917		0.724158004158	0.275841995842	0.275841995842	0.962093663912	0.999459459459	0.999459459459
silmitasertib	-0.28360108841944204		0.711434511435	0.288565488565	0.288565488565	0.947922437673	0.999459459459	0.999459459459
MK-1775	-0.28354689925567433		0.711351351351	0.288648648649	0.288648648649	0.947922437673	0.999459459459	0.999459459459
paclitaxel	-0.28347527300311887		0.711226611227	0.288773388773	0.288773388773	0.947922437673	0.999459459459	0.999459459459
alvocidib	-0.28293395713838		0.709355509356	0.290644490644	0.290644490644	0.947922437673	0.999459459459	0.999459459459
pluripotin	-0.28226757952164067		0.707525987526	0.292474012474	0.292474012474	0.947922437673	0.999459459459	0.999459459459
ciclosporin	-0.28184035626903114		0.706278586279	0.293721413721	0.293721413721	0.947922437673	0.999459459459	0.999459459459
BRD-K84807411	-0.2814668301065299		0.704823284823	0.295176715177	0.295176715177	0.947922437673	0.999459459459	0.999459459459
ML006	-0.2804403809429871		0.701288981289	0.298711018711	0.298711018711	0.947922437673	0.999459459459	0.999459459459
momelotinib	-0.27765012435977926		0.69288981289	0.30711018711	0.30711018711	0.944135977337	0.999459459459	0.999459459459
GANT-61	-0.2761361888742515		0.68814968815	0.31185031185	0.31185031185	0.940340909091	0.999459459459	0.999459459459
AM-580	-0.2718007245549699		0.673180873181	0.326819126819	0.326819126819	0.922507122507	0.999459459459	0.999459459459
COL-3	-0.2710691443367644		0.670228690229	0.329771309771	0.329771309771	0.921085714286	0.999459459459	0.999459459459
spautin-1	-0.27097272997738725		0.669896049896	0.330103950104	0.330103950104	0.921085714286	0.999459459459	0.999459459459
MK-0752	-0.2700232670509023		0.667525987526	0.332474012474	0.332474012474	0.921085714286	0.999459459459	0.999459459459
N9-isopropylolomoucine	-0.26996610244248676		0.667442827443	0.332557172557	0.332557172557	0.921085714286	0.999459459459	0.999459459459
3-Cl-AHPC	-0.2699542525876689		0.66735966736	0.33264033264	0.33264033264	0.921085714286	0.999459459459	0.999459459459
TPCA-1	-0.26968555471892874		0.666860706861	0.333139293139	0.333139293139	0.921085714286	0.999459459459	0.999459459459
OSI-027	-0.26950485143314123		0.666444906445	0.333555093555	0.333555093555	0.921085714286	0.999459459459	0.999459459459
sirolimus	-0.2679657492807725		0.661995841996	0.338004158004	0.338004158004	0.921085714286	0.999459459459	0.999459459459
CAL-101	-0.26669533040799187		0.657546777547	0.342453222453	0.342453222453	0.921085714286	0.999459459459	0.999459459459
docetaxel	-0.2659231782354619		0.654802494802	0.345197505198	0.345197505198	0.921085714286	0.999459459459	0.999459459459
KU-60019	-0.2646462315024349		0.650893970894	0.349106029106	0.349106029106	0.920823529412	0.999459459459	0.999459459459
BRD-K48477130	-0.26163498898795234		0.640873180873	0.359126819127	0.359126819127	0.909321533923	0.999459459459	0.999459459459
PIK-93	-0.2570475947990319		0.625945945946	0.374054054054	0.374054054054	0.890769230769	0.999459459459	0.999459459459
UNC0321	-0.25599489084227506		0.622120582121	0.377879417879	0.377879417879	0.887952522255	0.999459459459	0.999459459459
CD-437	-0.25464106659273983		0.61738045738	0.38261954262	0.38261954262	0.88380952381	0.999459459459	0.999459459459
SR8278	-0.25356791485880803		0.613804573805	0.386195426195	0.386195426195	0.881313432836	0.999459459459	0.999459459459
abiraterone	-0.25153546125090986		0.606819126819	0.393180873181	0.393180873181	0.873892215569	0.999459459459	0.999459459459
ZSTK474	-0.24849271609360357		0.596715176715	0.403284823285	0.403284823285	0.861921921922	0.999459459459	0.999459459459
salermide	-0.24708640641344534		0.591683991684	0.408316008316	0.408316008316	0.857228915663	0.999459459459	0.999459459459
dexamethasone	-0.24376535822773363		0.581704781705	0.418295218295	0.418295218295	0.845317220544	0.999459459459	0.999459459459
StemRegenin 1	-0.24230355487233843		0.576756756757	0.423243243243	0.423243243243	0.840666666667	0.999459459459	0.999459459459
AZD6482	-0.23929953545414576		0.567151767152	0.432848232848	0.432848232848	0.829179331307	0.999459459459	0.999459459459
temsirolimus	-0.23824351481522238		0.563783783784	0.436216216216	0.436216216216	0.826768292683	0.999459459459	0.999459459459
LE-135	-0.2376208565285477		0.562162162162	0.437837837838	0.437837837838	0.826768292683	0.999459459459	0.999459459459
BRD-K63431240	-0.23470488310783325		0.554636174636	0.445363825364	0.445363825364	0.818343558282	0.999459459459	0.999459459459
KU 0060648	-0.22524143512012323		0.529812889813	0.470187110187	0.470187110187	0.784123076923	0.999459459459	0.999459459459
BRD-A86708339	-0.21092002779798252		0.500166320166	0.499833679834	0.499833679834	0.742530864198	0.999459459459	0.999459459459
BRD-K30748066	0.17788136675549387		0.462577962578	0.537422037422	0.462577962578	0.688854489164	0.999459459459	0.688854489164
BRD-K01737880	0.19605207634438707		0.453347193347	0.546652806653	0.453347193347	0.677204968944	0.999459459459	0.677204968944
GSK-J4	0.19692424105829037		0.452681912682	0.547318087318	0.452681912682	0.677204968944	0.999459459459	0.677204968944
TG-101348	0.20640166248684838		0.443076923077	0.556923076923	0.443076923077	0.666	0.999459459459	0.666
avicin D	0.20749618824984528		0.441330561331	0.558669438669	0.441330561331	0.665454545455	0.999459459459	0.665454545455
BRD-K71935468	0.20799055655981916		0.440831600832	0.559168399168	0.440831600832	0.665454545455	0.999459459459	0.665454545455
BRD9876	0.21456766769453486		0.430602910603	0.569397089397	0.430602910603	0.653375394322	0.999459459459	0.653375394322
BRD8958	0.21530589760101865		0.429397089397	0.570602910603	0.429397089397	0.653375394322	0.999459459459	0.653375394322
VX-680	0.2215113312562253		0.41659043659	0.58340956341	0.41659043659	0.636126984127	0.999459459459	0.636126984127
AZD8055	0.22892767285660856		0.399625779626	0.600374220374	0.399625779626	0.612165605096	0.999459459459	0.612165605096
myricetin	0.23104385353931858		0.395176715177	0.604823284823	0.395176715177	0.607284345048	0.999459459459	0.607284345048
CI-976	0.23496601996475674		0.38474012474	0.61525987526	0.38474012474	0.593141025641	0.999459459459	0.593141025641
R428	0.23667256885664725		0.380540540541	0.619459459459	0.380540540541	0.588553054662	0.999459459459	0.588553054662
AZ-3146	0.23800212826260797		0.377422037422	0.622577962578	0.377422037422	0.585612903226	0.999459459459	0.585612903226
NVP-BEZ235	0.242583959972938		0.36395010395	0.63604989605	0.36395010395	0.566537216828	0.999459459459	0.566537216828
BRD4132	0.24276003793785994		0.363617463617	0.636382536383	0.363617463617	0.566537216828	0.999459459459	0.566537216828
JQ-1	0.24405185459624187		0.359792099792	0.640207900208	0.359792099792	0.563713355049	0.999459459459	0.563713355049
GW-405833	0.24513828697982581		0.357130977131	0.642869022869	0.357130977131	0.56137254902	0.999459459459	0.56137254902
KHS101	0.24569713710335217		0.356008316008	0.643991683992	0.356008316008	0.56137254902	0.999459459459	0.56137254902
parthenolide	0.24945281283796497		0.346153846154	0.653846153846	0.346153846154	0.547697368421	0.999459459459	0.547697368421
masitinib	0.25098665973133266		0.341621621622	0.658378378378	0.341621621622	0.542310231023	0.999459459459	0.542310231023
SB-743921	0.2541082672752251		0.333264033264	0.666735966736	0.333264033264	0.530794701987	0.999459459459	0.530794701987
TW-37	0.2548414650998224		0.330852390852	0.669147609148	0.330852390852	0.528704318937	0.999459459459	0.528704318937
PAC-1	0.2548655293562922		0.330810810811	0.669189189189	0.330810810811	0.528704318937	0.999459459459	0.528704318937
BRD-K97651142	0.25981913068710744		0.315925155925	0.684074844075	0.315925155925	0.508227424749	0.999459459459	0.508227424749
BRD-K33514849	0.26061411392251954		0.313638253638	0.686361746362	0.313638253638	0.506241610738	0.999459459459	0.506241610738
brefeldin A	0.2610825904963206		0.312307692308	0.687692307692	0.312307692308	0.505791245791	0.999459459459	0.505791245791
methotrexate	0.26308704282049444		0.306403326403	0.693596673597	0.306403326403	0.497905405405	0.999459459459	0.497905405405
vorapaxar	0.26345489643595693		0.305197505198	0.694802494802	0.305197505198	0.497627118644	0.999459459459	0.497627118644
cucurbitacin I	0.26391875269574744		0.304116424116	0.695883575884	0.304116424116	0.497551020408	0.999459459459	0.497551020408
NVP-231	0.26564792723923913		0.299417879418	0.700582120582	0.299417879418	0.491535836177	0.999459459459	0.491535836177
nintedanib	0.2657113076854422		0.29920997921	0.70079002079	0.29920997921	0.491535836177	0.999459459459	0.491535836177
nakiterpiosin	0.2664851472182819		0.297047817048	0.702952182952	0.297047817048	0.490996563574	0.999459459459	0.490996563574
ML334 diastereomer	0.2673975385273157		0.294303534304	0.705696465696	0.294303534304	0.488137931034	0.999459459459	0.488137931034
neuronal differentiation inducer III	0.2682148523788715		0.291975051975	0.708024948025	0.291975051975	0.485951557093	0.999459459459	0.485951557093
BRD-K94991378	0.2692728831622777		0.288773388773	0.711226611227	0.288773388773	0.482291666667	0.999459459459	0.482291666667
temozolomide	0.2693007503461871		0.288648648649	0.711351351351	0.288648648649	0.482291666667	0.999459459459	0.482291666667
bardoxolone methyl	0.2697209047223031		0.28735966736	0.71264033264	0.28735966736	0.482291666667	0.999459459459	0.482291666667
EX-527	0.26977386694796085		0.287276507277	0.712723492723	0.287276507277	0.482291666667	0.999459459459	0.482291666667
palmostatin B	0.2705760538707993		0.285488565489	0.714511434511	0.285488565489	0.482291666667	0.999459459459	0.482291666667
I-BET151	0.27138107974169645		0.283284823285	0.716715176715	0.283284823285	0.48148409894	0.999459459459	0.48148409894
PF-3758309	0.27165693720988315		0.28237006237	0.71762993763	0.28237006237	0.48148409894	0.999459459459	0.48148409894
HBX-41108	0.27185469318654903		0.281663201663	0.718336798337	0.281663201663	0.48148409894	0.999459459459	0.48148409894
belinostat	0.27267452238740986		0.279542619543	0.720457380457	0.279542619543	0.480214285714	0.999459459459	0.480214285714
obatoclax	0.27454606691776684		0.274428274428	0.725571725572	0.274428274428	0.47311827957	0.999459459459	0.47311827957
LRRK2-IN-1	0.27483872026477735		0.273638253638	0.726361746362	0.273638253638	0.47311827957	0.999459459459	0.47311827957
lovastatin	0.27489888943558416		0.273305613306	0.726694386694	0.273305613306	0.47311827957	0.999459459459	0.47311827957
1S,3R-RSL-3	0.2749942539233405		0.273139293139	0.726860706861	0.273139293139	0.47311827957	0.999459459459	0.47311827957
RAF265	0.2751220982141673		0.272806652807	0.727193347193	0.272806652807	0.47311827957	0.999459459459	0.47311827957
gemcitabine	0.27599907832687104		0.270644490644	0.729355509356	0.270644490644	0.47311827957	0.999459459459	0.47311827957
BRD-K14844214	0.2762096830977256		0.270020790021	0.729979209979	0.270020790021	0.47311827957	0.999459459459	0.47311827957
WP1130	0.27647929907231233		0.269272349272	0.730727650728	0.269272349272	0.47311827957	0.999459459459	0.47311827957
ML320	0.27674410097155416		0.268523908524	0.731476091476	0.268523908524	0.47311827957	0.999459459459	0.47311827957
PF-573228	0.2782572375151973		0.264324324324	0.735675675676	0.264324324324	0.470888888889	0.999459459459	0.470888888889
Ko-143	0.2790522141292734		0.262536382536	0.737463617464	0.262536382536	0.469442379182	0.999459459459	0.469442379182
BRD-K70511574	0.27924354120149425		0.262120582121	0.737879417879	0.262120582121	0.469442379182	0.999459459459	0.469442379182
methylstat	0.279541947221659		0.261247401247	0.738752598753	0.261247401247	0.469442379182	0.999459459459	0.469442379182
GSK2636771	0.2815040346234904		0.256507276507	0.743492723493	0.256507276507	0.463834586466	0.999459459459	0.463834586466
CID-5951923	0.2817470874466613		0.255675675676	0.744324324324	0.255675675676	0.463834586466	0.999459459459	0.463834586466
phloretin	0.28184890260919193		0.255467775468	0.744532224532	0.255467775468	0.463834586466	0.999459459459	0.463834586466
purmorphamine	0.2819225933329339		0.255176715177	0.744823284823	0.255176715177	0.463834586466	0.999459459459	0.463834586466
ciclopirox	0.28234337785924096		0.253887733888	0.746112266112	0.253887733888	0.463834586466	0.999459459459	0.463834586466
MK-2206	0.28267363854813327		0.252723492723	0.747276507277	0.252723492723	0.463834586466	0.999459459459	0.463834586466
NVP-TAE684	0.2835389635617363		0.250103950104	0.749896049896	0.250103950104	0.462692307692	0.999459459459	0.462692307692
NVP-BSK805	0.283791040735283		0.24972972973	0.75027027027	0.24972972973	0.462692307692	0.999459459459	0.462692307692
oligomycin A	0.2842131272307751		0.248482328482	0.751517671518	0.248482328482	0.462692307692	0.999459459459	0.462692307692
valdecoxib	0.28498204536716853		0.245738045738	0.754261954262	0.245738045738	0.459922178988	0.999459459459	0.459922178988
betulinic acid	0.285054582271639		0.245654885655	0.754345114345	0.245654885655	0.459922178988	0.999459459459	0.459922178988
GSK525762A	0.28617827556808556		0.24261954262	0.75738045738	0.24261954262	0.457647058824	0.999459459459	0.457647058824
bortezomib	0.2866203265450266		0.241871101871	0.758128898129	0.241871101871	0.457647058824	0.999459459459	0.457647058824
YK 4-279	0.2866596459377414		0.241704781705	0.758295218295	0.241704781705	0.457647058824	0.999459459459	0.457647058824
FQI-2	0.28740255890539557		0.240041580042	0.759958419958	0.240041580042	0.457647058824	0.999459459459	0.457647058824
pevonedistat	0.2882356437110839		0.238087318087	0.761912681913	0.238087318087	0.45625498008	0.999459459459	0.45625498008
Bax channel blocker	0.288305737760826		0.237962577963	0.762037422037	0.237962577963	0.45625498008	0.999459459459	0.45625498008
RO4929097	0.28870194468020616		0.236673596674	0.763326403326	0.236673596674	0.45625498008	0.999459459459	0.45625498008
simvastatin	0.2890093717637193		0.235758835759	0.764241164241	0.235758835759	0.45625498008	0.999459459459	0.45625498008
cytochalasin B	0.28948051856205675		0.234428274428	0.765571725572	0.234428274428	0.45625498008	0.999459459459	0.45625498008
tivantinib	0.29107864161054875		0.228898128898	0.771101871102	0.228898128898	0.44756097561	0.999459459459	0.44756097561
rigosertib	0.29121806440589676		0.228440748441	0.771559251559	0.228440748441	0.44756097561	0.999459459459	0.44756097561
cerulenin	0.2924192223240671		0.224948024948	0.775051975052	0.224948024948	0.443442622951	0.999459459459	0.443442622951
SRT-1720	0.29342327452218137		0.222494802495	0.777505197505	0.222494802495	0.440411522634	0.999459459459	0.440411522634
SCH-79797	0.29379739201505006		0.221247401247	0.778752598753	0.221247401247	0.439752066116	0.999459459459	0.439752066116
erismodegib	0.2938481149339742		0.220997920998	0.779002079002	0.220997920998	0.439752066116	0.999459459459	0.439752066116
mitomycin	0.29389176893323293		0.220914760915	0.779085239085	0.220914760915	0.439752066116	0.999459459459	0.439752066116
AZD7545	0.29397287397405675		0.220665280665	0.779334719335	0.220665280665	0.439752066116	0.999459459459	0.439752066116
BIBR-1532	0.29531492533330556		0.216632016632	0.783367983368	0.216632016632	0.43781512605	0.999459459459	0.43781512605
KU-0063794	0.29582499714569893		0.21525987526	0.78474012474	0.21525987526	0.436877637131	0.999459459459	0.436877637131
regorafenib	0.2973992810757752		0.211975051975	0.788024948025	0.211975051975	0.432033898305	0.999459459459	0.432033898305
NVP-ADW742	0.29841407912648743		0.209397089397	0.790602910603	0.209397089397	0.428595744681	0.999459459459	0.428595744681
BMS-754807	0.29857189727604755		0.209064449064	0.790935550936	0.209064449064	0.428595744681	0.999459459459	0.428595744681
necrosulfonamide	0.2987017855039985		0.20869022869	0.79130977131	0.20869022869	0.428595744681	0.999459459459	0.428595744681
BMS-345541	0.29955909104902195		0.206444906445	0.793555093555	0.206444906445	0.428017241379	0.999459459459	0.428017241379
BEC	0.2996215121870872		0.206278586279	0.793721413721	0.206278586279	0.428017241379	0.999459459459	0.428017241379
PYR-41	0.3004185188184571		0.203991683992	0.796008316008	0.203991683992	0.426608695652	0.999459459459	0.426608695652
NSC632839	0.3018274081516666		0.200332640333	0.799667359667	0.200332640333	0.420786026201	0.999459459459	0.420786026201
BRD-K35604418	0.30216541911334005		0.199376299376	0.800623700624	0.199376299376	0.420614035088	0.999459459459	0.420614035088
MI-2	0.3021809345741294		0.199334719335	0.800665280665	0.199334719335	0.420614035088	0.999459459459	0.420614035088
PF-184	0.3026980684844794		0.198336798337	0.801663201663	0.198336798337	0.420614035088	0.999459459459	0.420614035088
niclosamide	0.3032516887132834		0.197172557173	0.802827442827	0.197172557173	0.420614035088	0.999459459459	0.420614035088
DBeQ	0.3035426339166081		0.19659043659	0.80340956341	0.19659043659	0.420614035088	0.999459459459	0.420614035088
CAY10618	0.3044750435921039		0.194428274428	0.805571725572	0.194428274428	0.419372197309	0.999459459459	0.419372197309
B02	0.3054287330502297		0.191642411642	0.808357588358	0.191642411642	0.415225225225	0.999459459459	0.415225225225
OSI-930	0.3057933401000725		0.190644490644	0.809355509356	0.190644490644	0.414932126697	0.999459459459	0.414932126697
ML311	0.3060699903840001		0.190020790021	0.809979209979	0.190020790021	0.414932126697	0.999459459459	0.414932126697
BRD-K34222889	0.3061176601913581		0.18972972973	0.81027027027	0.18972972973	0.414932126697	0.999459459459	0.414932126697
daporinad	0.3062055083511905		0.189355509356	0.810644490644	0.189355509356	0.414932126697	0.999459459459	0.414932126697
topotecan	0.30624682154742455		0.189230769231	0.810769230769	0.189230769231	0.414932126697	0.999459459459	0.414932126697
gossypol	0.30631464469832853		0.189106029106	0.810893970894	0.189106029106	0.414932126697	0.999459459459	0.414932126697
Merck60	0.3063203635112272		0.189106029106	0.810893970894	0.189106029106	0.414932126697	0.999459459459	0.414932126697
PF-750	0.3066957710829038		0.188274428274	0.811725571726	0.188274428274	0.414932126697	0.999459459459	0.414932126697
KH-CB19	0.30696125761052984		0.187692307692	0.812307692308	0.187692307692	0.414932126697	0.999459459459	0.414932126697
SMER-3	0.30781458026344094		0.185862785863	0.814137214137	0.185862785863	0.414932126697	0.999459459459	0.414932126697
dacarbazine	0.308625724868387		0.183617463617	0.816382536383	0.183617463617	0.414932126697	0.999459459459	0.414932126697
piperlongumine	0.30864746896613876		0.183492723493	0.816507276507	0.183492723493	0.414932126697	0.999459459459	0.414932126697
hyperforin	0.3089049606667146		0.182661122661	0.817338877339	0.182661122661	0.414932126697	0.999459459459	0.414932126697
GSK-3 inhibitor IX	0.3090595502536708		0.182328482328	0.817671517672	0.182328482328	0.414932126697	0.999459459459	0.414932126697
SID 26681509	0.3091410806451042		0.182203742204	0.817796257796	0.182203742204	0.414932126697	0.999459459459	0.414932126697
IC-87114	0.30928611844750714		0.181746361746	0.818253638254	0.181746361746	0.414932126697	0.999459459459	0.414932126697
BRD-K30019337	0.30964349841814753		0.18103950104	0.81896049896	0.18103950104	0.414932126697	0.999459459459	0.414932126697
FQI-1	0.3097450578436774		0.180748440748	0.819251559252	0.180748440748	0.414932126697	0.999459459459	0.414932126697
prochlorperazine	0.3097672405855412		0.180706860707	0.819293139293	0.180706860707	0.414932126697	0.999459459459	0.414932126697
apicidin	0.30984043465323974		0.180498960499	0.819501039501	0.180498960499	0.414932126697	0.999459459459	0.414932126697
PI-103	0.3101600630130711		0.179792099792	0.820207900208	0.179792099792	0.414932126697	0.999459459459	0.414932126697
isoevodiamine	0.310486821431284		0.17896049896	0.82103950104	0.17896049896	0.414932126697	0.999459459459	0.414932126697
entinostat	0.31167912262139236		0.176465696466	0.823534303534	0.176465696466	0.414932126697	0.999459459459	0.414932126697
SN-38	0.31175065670956376		0.176216216216	0.823783783784	0.176216216216	0.414932126697	0.999459459459	0.414932126697
ceranib-2	0.31187951354822563		0.176008316008	0.823991683992	0.176008316008	0.414932126697	0.999459459459	0.414932126697
crizotinib	0.3121119985064553		0.175384615385	0.824615384615	0.175384615385	0.414932126697	0.999459459459	0.414932126697
BRD-K66532283	0.3123321601689244		0.175093555094	0.824906444906	0.175093555094	0.414932126697	0.999459459459	0.414932126697
SKI-II	0.31402517072264763		0.171434511435	0.828565488565	0.171434511435	0.414932126697	0.999459459459	0.414932126697
PRL-3 inhibitor I	0.3140550552529563		0.171392931393	0.828607068607	0.171392931393	0.414932126697	0.999459459459	0.414932126697
CIL56	0.3142559673064136		0.171143451143	0.828856548857	0.171143451143	0.414932126697	0.999459459459	0.414932126697
MLN2238	0.31453302515501735		0.170395010395	0.829604989605	0.170395010395	0.414932126697	0.999459459459	0.414932126697
ELCPK	0.31457976363929907		0.170311850312	0.829688149688	0.170311850312	0.414932126697	0.999459459459	0.414932126697
bafilomycin A1	0.3156650839004972		0.167983367983	0.832016632017	0.167983367983	0.414932126697	0.999459459459	0.414932126697
trifluoperazine	0.31584691580654023		0.167609147609	0.832390852391	0.167609147609	0.414932126697	0.999459459459	0.414932126697
LBH-589	0.31694626271211396		0.164823284823	0.835176715177	0.164823284823	0.414932126697	0.999459459459	0.414932126697
veliparib	0.31769341452875		0.163451143451	0.836548856549	0.163451143451	0.414932126697	0.999459459459	0.414932126697
CHIR-99021	0.3189521634659299		0.160956340956	0.839043659044	0.160956340956	0.414932126697	0.999459459459	0.414932126697
BRD-K45681478	0.31921011407061756		0.160498960499	0.839501039501	0.160498960499	0.414932126697	0.999459459459	0.414932126697
AA-COCF3	0.3204656814802327		0.157837837838	0.842162162162	0.157837837838	0.414863387978	0.999459459459	0.414863387978
CHM-1	0.32059830555385604		0.157505197505	0.842494802495	0.157505197505	0.414863387978	0.999459459459	0.414863387978
pandacostat	0.3213765815737471		0.155966735967	0.844033264033	0.155966735967	0.414475138122	0.999459459459	0.414475138122
YM-155	0.32146070815643507		0.155717255717	0.844282744283	0.155717255717	0.414475138122	0.999459459459	0.414475138122
AC55649	0.32146624369474736		0.155634095634	0.844365904366	0.155634095634	0.414475138122	0.999459459459	0.414475138122
bexarotene	0.32226215247786905		0.15422037422	0.84577962578	0.15422037422	0.414475138122	0.999459459459	0.414475138122
SJ-172550	0.3223762359945458		0.153970893971	0.846029106029	0.153970893971	0.414475138122	0.999459459459	0.414475138122
SCH-529074	0.32239538581457605		0.153846153846	0.846153846154	0.153846153846	0.414475138122	0.999459459459	0.414475138122
tipifarnib-P2	0.3224136106223424		0.153846153846	0.846153846154	0.153846153846	0.414475138122	0.999459459459	0.414475138122
vorinostat	0.32245378263486246		0.153804573805	0.846195426195	0.153804573805	0.414475138122	0.999459459459	0.414475138122
quizartinib	0.32263238046743065		0.153347193347	0.846652806653	0.153347193347	0.414475138122	0.999459459459	0.414475138122
BRD-K37390332	0.32280743469897666		0.152723492723	0.847276507277	0.152723492723	0.414475138122	0.999459459459	0.414475138122
fluvastatin	0.3230147932419143		0.152266112266	0.847733887734	0.152266112266	0.414475138122	0.999459459459	0.414475138122
sunitinib	0.3230347922503891		0.152182952183	0.847817047817	0.152182952183	0.414475138122	0.999459459459	0.414475138122
ML210	0.32485976537838257		0.148191268191	0.851808731809	0.148191268191	0.414475138122	0.999459459459	0.414475138122
alisertib	0.325470201446933		0.147027027027	0.852972972973	0.147027027027	0.414475138122	0.999459459459	0.414475138122
SB-525334	0.3255442179798297		0.146902286902	0.853097713098	0.146902286902	0.414475138122	0.999459459459	0.414475138122
NPC-26	0.3256008697539894		0.146860706861	0.853139293139	0.146860706861	0.414475138122	0.999459459459	0.414475138122
manumycin A	0.3257847580747868		0.146528066528	0.853471933472	0.146528066528	0.414475138122	0.999459459459	0.414475138122
triazolothiadiazine	0.3259175187156336		0.14632016632	0.85367983368	0.14632016632	0.414475138122	0.999459459459	0.414475138122
KX2-391	0.3270708597358377		0.143866943867	0.856133056133	0.143866943867	0.414475138122	0.999459459459	0.414475138122
clofarabine	0.32726606095217164		0.143492723493	0.856507276507	0.143492723493	0.414475138122	0.999459459459	0.414475138122
pifithrin-alpha	0.3273829105253578		0.143201663202	0.856798336798	0.143201663202	0.414475138122	0.999459459459	0.414475138122
SZ4TA2	0.3276624170894593		0.142661122661	0.857338877339	0.142661122661	0.414475138122	0.999459459459	0.414475138122
ISOX	0.3283325228293896		0.141871101871	0.858128898129	0.141871101871	0.414475138122	0.999459459459	0.414475138122
BRD-K90370028	0.32843052106292736		0.141704781705	0.858295218295	0.141704781705	0.414475138122	0.999459459459	0.414475138122
omacetaxine mepesuccinate	0.32865323348427944		0.141372141372	0.858627858628	0.141372141372	0.414475138122	0.999459459459	0.414475138122
linifanib	0.32898826157044736		0.140706860707	0.859293139293	0.140706860707	0.414475138122	0.999459459459	0.414475138122
HLI 373	0.3292917415934214		0.139916839917	0.860083160083	0.139916839917	0.414475138122	0.999459459459	0.414475138122
tigecycline	0.3294218493382079		0.139542619543	0.860457380457	0.139542619543	0.414475138122	0.999459459459	0.414475138122
BRD1812	0.33120559607944605		0.136008316008	0.863991683992	0.136008316008	0.414475138122	0.999459459459	0.414475138122
etoposide	0.33177645785781884		0.134968814969	0.865031185031	0.134968814969	0.414475138122	0.999459459459	0.414475138122
QW-BI-011	0.3321846477023534		0.134303534304	0.865696465696	0.134303534304	0.414475138122	0.999459459459	0.414475138122
GSK461364	0.332445546676358		0.133596673597	0.866403326403	0.133596673597	0.414475138122	0.999459459459	0.414475138122
AZD1480	0.33348780624715746		0.13185031185	0.86814968815	0.13185031185	0.414475138122	0.999459459459	0.414475138122
ML083	0.3342026536321811		0.13051975052	0.86948024948	0.13051975052	0.414475138122	0.999459459459	0.414475138122
BRD-K04800985	0.3344700247542474		0.130145530146	0.869854469854	0.130145530146	0.414475138122	0.999459459459	0.414475138122
BRD-K80183349	0.33505496658365447		0.129064449064	0.870935550936	0.129064449064	0.414475138122	0.999459459459	0.414475138122
erastin	0.33562028186811693		0.127941787942	0.872058212058	0.127941787942	0.414475138122	0.999459459459	0.414475138122
fingolimod	0.3361101406238123		0.126860706861	0.873139293139	0.126860706861	0.414475138122	0.999459459459	0.414475138122
parbendazole	0.3369451638905772		0.125155925156	0.874844074844	0.125155925156	0.414475138122	0.999459459459	0.414475138122
cimetidine	0.3370079494273045		0.12498960499	0.87501039501	0.12498960499	0.414475138122	0.999459459459	0.414475138122
tacedinaline	0.3370498812540583		0.124906444906	0.875093555094	0.124906444906	0.414475138122	0.999459459459	0.414475138122
BI-2536	0.3372565965926749		0.124449064449	0.875550935551	0.124449064449	0.414475138122	0.999459459459	0.414475138122
JW-74	0.3373723857658456		0.124282744283	0.875717255717	0.124282744283	0.414475138122	0.999459459459	0.414475138122
NSC19630	0.33750727377117934		0.124116424116	0.875883575884	0.124116424116	0.414475138122	0.999459459459	0.414475138122
Ki8751	0.33771300411463984		0.123866943867	0.876133056133	0.123866943867	0.414475138122	0.999459459459	0.414475138122
cediranib	0.339248529050554		0.121455301455	0.878544698545	0.121455301455	0.414475138122	0.999459459459	0.414475138122
IPR-456	0.34002857745842235		0.119833679834	0.880166320166	0.119833679834	0.414475138122	0.999459459459	0.414475138122
ETP-46464	0.34030407949579555		0.11920997921	0.88079002079	0.11920997921	0.414475138122	0.999459459459	0.414475138122
navitoclax	0.340676371816184		0.118544698545	0.881455301455	0.118544698545	0.414475138122	0.999459459459	0.414475138122
fulvestrant	0.3408189459471077		0.11841995842	0.88158004158	0.11841995842	0.414475138122	0.999459459459	0.414475138122
BRD-K85133207	0.3409823448603944		0.118128898129	0.881871101871	0.118128898129	0.414475138122	0.999459459459	0.414475138122
PDMP	0.3426805521446039		0.11501039501	0.88498960499	0.11501039501	0.414475138122	0.999459459459	0.414475138122
TG-100-115	0.34278191699555877		0.114760914761	0.885239085239	0.114760914761	0.414475138122	0.999459459459	0.414475138122
PL-DI	0.343152561309594		0.114137214137	0.885862785863	0.114137214137	0.414475138122	0.999459459459	0.414475138122
STF-31	0.3435109232593872		0.11367983368	0.88632016632	0.11367983368	0.414475138122	0.999459459459	0.414475138122
ifosfamide	0.3442216895136619		0.1120997921	0.8879002079	0.1120997921	0.414475138122	0.999459459459	0.414475138122
BRD-A02303741	0.3455902192838109		0.109812889813	0.890187110187	0.109812889813	0.414475138122	0.999459459459	0.414475138122
elocalcitol	0.34642012587913096		0.108357588358	0.891642411642	0.108357588358	0.414475138122	0.999459459459	0.414475138122
UNC0638	0.3475130491740754		0.105696465696	0.894303534304	0.105696465696	0.413333333333	0.999459459459	0.413333333333
BRD-K61166597	0.34774030756902863		0.105280665281	0.894719334719	0.105280665281	0.413333333333	0.999459459459	0.413333333333
cabozantinib	0.3482203567724863		0.104490644491	0.895509355509	0.104490644491	0.413333333333	0.999459459459	0.413333333333
NSC 74859	0.3488658918789505		0.10316008316	0.89683991684	0.10316008316	0.413333333333	0.999459459459	0.413333333333
NSC48300	0.34900716983953645		0.102952182952	0.897047817048	0.102952182952	0.413333333333	0.999459459459	0.413333333333
cyclophosphamide	0.3491475495071793		0.102744282744	0.897255717256	0.102744282744	0.413333333333	0.999459459459	0.413333333333
CBB-1007	0.34978679820785946		0.101288981289	0.898711018711	0.101288981289	0.413333333333	0.999459459459	0.413333333333
bendamustine	0.35197367168635946		0.0965904365904	0.90340956341	0.0965904365904	0.400517241379	0.999459459459	0.400517241379
Compound 7d-cis	0.3529956113793476		0.0949688149688	0.905031185031	0.0949688149688	0.397217391304	0.999459459459	0.397217391304
ML031	0.3530016400231708		0.0949688149688	0.905031185031	0.0949688149688	0.397217391304	0.999459459459	0.397217391304
nelarabine	0.35441433024991004		0.0918918918919	0.908108108108	0.0918918918919	0.391150442478	0.999459459459	0.391150442478
PRIMA-1	0.3550558759111594		0.0905197505198	0.90948024948	0.0905197505198	0.38875	0.999459459459	0.38875
SR1001	0.35723692897323084		0.0869854469854	0.913014553015	0.0869854469854	0.376936936937	0.999459459459	0.376936936937
tacrolimus	0.3573426308608799		0.0869854469854	0.913014553015	0.0869854469854	0.376936936937	0.999459459459	0.376936936937
MGCD-265	0.35826111711172204		0.0853638253638	0.914636174636	0.0853638253638	0.376697247706	0.999459459459	0.376697247706
azacitidine	0.35863380451902654		0.0849896049896	0.91501039501	0.0849896049896	0.376697247706	0.999459459459	0.376697247706
vincristine	0.35878098671217473		0.0847817047817	0.915218295218	0.0847817047817	0.376697247706	0.999459459459	0.376697247706
BRD-K09344309	0.3592092854011714		0.0844074844075	0.915592515593	0.0844074844075	0.376697247706	0.999459459459	0.376697247706
PF-4800567 hydrochloride	0.3598078732933854		0.0836174636175	0.916382536383	0.0836174636175	0.376697247706	0.999459459459	0.376697247706
SU11274	0.3599410996702443		0.0835343035343	0.916465696466	0.0835343035343	0.376697247706	0.999459459459	0.376697247706
NSC30930	0.36068585581283735		0.0824948024948	0.917505197505	0.0824948024948	0.376697247706	0.999459459459	0.376697247706
sildenafil	0.360774427709196		0.0824116424116	0.917588357588	0.0824116424116	0.376697247706	0.999459459459	0.376697247706
AT7867	0.3610604092231816		0.0818711018711	0.918128898129	0.0818711018711	0.376697247706	0.999459459459	0.376697247706
ML162	0.3611586857046465		0.0816216216216	0.918378378378	0.0816216216216	0.376697247706	0.999459459459	0.376697247706
CAY10576	0.36126596617868245		0.081288981289	0.918711018711	0.081288981289	0.376697247706	0.999459459459	0.376697247706
marinopyrrole A	0.3619317040829614		0.080498960499	0.919501039501	0.080498960499	0.376697247706	0.999459459459	0.376697247706
ABT-737	0.3622711609336809		0.0797089397089	0.920291060291	0.0797089397089	0.376697247706	0.999459459459	0.376697247706
BRD-K41597374	0.36394368457472004		0.0764656964657	0.923534303534	0.0764656964657	0.376697247706	0.999459459459	0.376697247706
doxorubicin	0.3642927354631874		0.0759667359667	0.924033264033	0.0759667359667	0.376697247706	0.999459459459	0.376697247706
isonicotinohydroxamic acid	0.3646453674624659		0.0755509355509	0.924449064449	0.0755509355509	0.376697247706	0.999459459459	0.376697247706
MST-312	0.3646775722315137		0.0755093555094	0.924490644491	0.0755093555094	0.376697247706	0.999459459459	0.376697247706
GDC-0879	0.36553474432684485		0.0743451143451	0.925654885655	0.0743451143451	0.376697247706	0.999459459459	0.376697247706
BRD-K64610608	0.36554873563305607		0.0743035343035	0.925696465696	0.0743035343035	0.376697247706	0.999459459459	0.376697247706
zebularine	0.36663842743761377		0.0727650727651	0.927234927235	0.0727650727651	0.376697247706	0.999459459459	0.376697247706
BRD-K29313308	0.3672442439723364		0.0716424116424	0.928357588358	0.0716424116424	0.376697247706	0.999459459459	0.376697247706
GMX-1778	0.3673453939112858		0.0714760914761	0.928523908524	0.0714760914761	0.376697247706	0.999459459459	0.376697247706
pitstop2	0.3678894930577759		0.0707692307692	0.929230769231	0.0707692307692	0.376697247706	0.999459459459	0.376697247706
darinaparsin	0.3680158971813631		0.0705613305613	0.929438669439	0.0705613305613	0.376697247706	0.999459459459	0.376697247706
brivanib	0.3681603657328383		0.0704365904366	0.929563409563	0.0704365904366	0.376697247706	0.999459459459	0.376697247706
AT-406	0.3689005485323168		0.069604989605	0.930395010395	0.069604989605	0.376697247706	0.999459459459	0.376697247706
BMS-270394	0.3697463520184645		0.0684407484407	0.931559251559	0.0684407484407	0.376697247706	0.999459459459	0.376697247706
tandutinib	0.37098483243476876		0.0669438669439	0.933056133056	0.0669438669439	0.376697247706	0.999459459459	0.376697247706
nilotinib	0.3718197098334059		0.0653638253638	0.934636174636	0.0653638253638	0.376697247706	0.999459459459	0.376697247706
CIL55A	0.3718723180848274		0.0653638253638	0.934636174636	0.0653638253638	0.376697247706	0.999459459459	0.376697247706
pifithrin-mu	0.37290008374134326		0.064158004158	0.935841995842	0.064158004158	0.376697247706	0.999459459459	0.376697247706
SB-225002	0.373983170968762		0.0619958419958	0.938004158004	0.0619958419958	0.376697247706	0.999459459459	0.376697247706
SGX-523	0.3747687536732502		0.0611226611227	0.938877338877	0.0611226611227	0.376697247706	0.999459459459	0.376697247706
ABT-199	0.37477413697012185		0.0610810810811	0.938918918919	0.0610810810811	0.376697247706	0.999459459459	0.376697247706
BRD1835	0.37629590610239616		0.0585862785863	0.941413721414	0.0585862785863	0.375733333333	0.999459459459	0.375733333333
sorafenib	0.37953666624807714		0.0537214137214	0.946278586279	0.0537214137214	0.349189189189	0.999459459459	0.349189189189
tipifarnib-P1	0.37989192362283125		0.052972972973	0.947027027027	0.052972972973	0.34904109589	0.999459459459	0.34904109589
XL765	0.38186158969544853		0.0514760914761	0.948523908524	0.0514760914761	0.343888888889	0.999459459459	0.343888888889
indisulam	0.3837796257894439		0.0497713097713	0.950228690229	0.0497713097713	0.337183098592	0.999459459459	0.337183098592
pazopanib	0.38395907086090386		0.0497297297297	0.95027027027	0.0497297297297	0.337183098592	0.999459459459	0.337183098592
BRD-K11533227	0.3842072066622428		0.0493555093555	0.950644490644	0.0493555093555	0.337183098592	0.999459459459	0.337183098592
CIL41	0.385272556632279		0.0483575883576	0.951642411642	0.0483575883576	0.337183098592	0.999459459459	0.337183098592
tivozanib	0.3861529732080182		0.0471517671518	0.952848232848	0.0471517671518	0.337183098592	0.999459459459	0.337183098592
tretinoin	0.3865501260995969		0.0468191268191	0.953180873181	0.0468191268191	0.337183098592	0.999459459459	0.337183098592
BRD9647	0.3868761049337684		0.0464864864865	0.953513513514	0.0464864864865	0.337183098592	0.999459459459	0.337183098592
MG-132	0.38733825738947675		0.0459875259875	0.954012474012	0.0459875259875	0.337183098592	0.999459459459	0.337183098592
avrainvillamide	0.38877426387513947		0.0444906444906	0.955509355509	0.0444906444906	0.337183098592	0.999459459459	0.337183098592
skepinone-L	0.3892001539184273		0.044158004158	0.955841995842	0.044158004158	0.337183098592	0.999459459459	0.337183098592
ML203	0.38994907508320936		0.0432848232848	0.956715176715	0.0432848232848	0.337183098592	0.999459459459	0.337183098592
BRD-K51831558	0.3904399814185936		0.0427858627859	0.957214137214	0.0427858627859	0.337183098592	0.999459459459	0.337183098592
BRD-A94377914	0.3906916122319337		0.0424948024948	0.957505197505	0.0424948024948	0.337183098592	0.999459459459	0.337183098592
ML029	0.3907024605373071		0.0424948024948	0.957505197505	0.0424948024948	0.337183098592	0.999459459459	0.337183098592
BIX-01294	0.3908842352792947		0.0422869022869	0.957713097713	0.0422869022869	0.337183098592	0.999459459459	0.337183098592
procarbazine	0.3915572849921471		0.0418711018711	0.958128898129	0.0418711018711	0.337183098592	0.999459459459	0.337183098592
olaparib	0.3918447994040029		0.0414553014553	0.958544698545	0.0414553014553	0.337183098592	0.999459459459	0.337183098592
Mdivi-1	0.3936128141982983		0.0397920997921	0.960207900208	0.0397920997921	0.337183098592	0.999459459459	0.337183098592
NSC95397	0.3937987873742571		0.0396257796258	0.960374220374	0.0396257796258	0.337183098592	0.999459459459	0.337183098592
16-beta-bromoandrosterone	0.3938736252000385		0.0395841995842	0.960415800416	0.0395841995842	0.337183098592	0.999459459459	0.337183098592
BRD-K28456706	0.3948435431626572		0.0385446985447	0.961455301455	0.0385446985447	0.337183098592	0.999459459459	0.337183098592
epigallocatechin-3-monogallate	0.3952148560734247		0.0382536382536	0.961746361746	0.0382536382536	0.337183098592	0.999459459459	0.337183098592
teniposide	0.3962175597812113		0.0377962577963	0.962203742204	0.0377962577963	0.337183098592	0.999459459459	0.337183098592
LY-2183240	0.39640229539007454		0.0375467775468	0.962453222453	0.0375467775468	0.337183098592	0.999459459459	0.337183098592
MLN2480	0.3976852165359384		0.0361746361746	0.963825363825	0.0361746361746	0.337183098592	0.999459459459	0.337183098592
PLX-4032	0.39824778752533235		0.0356340956341	0.964365904366	0.0356340956341	0.337183098592	0.999459459459	0.337183098592
RG-108	0.3992051117383882		0.0348024948025	0.965197505198	0.0348024948025	0.337183098592	0.999459459459	0.337183098592
ML050	0.39932493307716216		0.0347609147609	0.965239085239	0.0347609147609	0.337183098592	0.999459459459	0.337183098592
ouabain	0.4007978187976887		0.0334719334719	0.966528066528	0.0334719334719	0.337183098592	0.999459459459	0.337183098592
foretinib	0.4014907671375207		0.032972972973	0.967027027027	0.032972972973	0.337183098592	0.999459459459	0.337183098592
BRD-M00053801	0.4031846253449544		0.0313929313929	0.968607068607	0.0313929313929	0.337183098592	0.999459459459	0.337183098592
lenvatinib	0.40417506925541913		0.0306029106029	0.969397089397	0.0306029106029	0.337183098592	0.999459459459	0.337183098592
BRD-K13999467	0.4054737275061565		0.0296881496881	0.970311850312	0.0296881496881	0.337183098592	0.999459459459	0.337183098592
KW-2449	0.4098108346221941		0.0266112266112	0.973388773389	0.0266112266112	0.336842105263	0.999459459459	0.336842105263
cytarabine hydrochloride	0.4104480193052291		0.0259459459459	0.974054054054	0.0259459459459	0.336842105263	0.999459459459	0.336842105263
IU1	0.41444811871844406		0.0234927234927	0.976507276507	0.0234927234927	0.313888888889	0.999459459459	0.313888888889
BRD-K34485477	0.4151818127068274		0.0230769230769	0.976923076923	0.0230769230769	0.313888888889	0.999459459459	0.313888888889
nutlin-3	0.41525276170695		0.0229521829522	0.977047817048	0.0229521829522	0.313888888889	0.999459459459	0.313888888889
PX-12	0.4162408561873337		0.0223700623701	0.97762993763	0.0223700623701	0.313888888889	0.999459459459	0.313888888889
BRD-K92856060	0.41647010108179644		0.0221205821206	0.977879417879	0.0221205821206	0.313888888889	0.999459459459	0.313888888889
necrostatin-1	0.4180563566760525		0.0215384615385	0.978461538462	0.0215384615385	0.313888888889	0.999459459459	0.313888888889
RITA	0.4182464527310435		0.0214968814969	0.978503118503	0.0214968814969	0.313888888889	0.999459459459	0.313888888889
BRD-K51490254	0.41829561088765305		0.0213721413721	0.978627858628	0.0213721413721	0.313888888889	0.999459459459	0.313888888889
barasertib	0.4223849684593527		0.0189604989605	0.98103950104	0.0189604989605	0.313888888889	0.999459459459	0.313888888889
serdemetan	0.4232530369371763		0.0185031185031	0.981496881497	0.0185031185031	0.313888888889	0.999459459459	0.313888888889
CIL70	0.42421719861014995		0.0181288981289	0.981871101871	0.0181288981289	0.313888888889	0.999459459459	0.313888888889
imatinib	0.42637938482273874		0.0169646569647	0.983035343035	0.0169646569647	0.313888888889	0.999459459459	0.313888888889
CCT036477	0.42717613868266263		0.0167567567568	0.983243243243	0.0167567567568	0.313888888889	0.999459459459	0.313888888889
axitinib	0.42767412920008446		0.0165488565489	0.983451143451	0.0165488565489	0.313888888889	0.999459459459	0.313888888889
neopeltolide	0.43098796661403876		0.0155093555094	0.984490644491	0.0155093555094	0.313888888889	0.999459459459	0.313888888889
BRD-K34099515	0.431565518894922		0.0154261954262	0.984573804574	0.0154261954262	0.313888888889	0.999459459459	0.313888888889
compound 1B	0.43216933217398334	0.11034180977678187	0.015051975052	0.984948024948	0.015051975052	0.313888888889	0.999459459459	0.313888888889
Compound 1541A	0.4338161238206744	0.022437428990090484	0.0144282744283	0.985571725572	0.0144282744283	0.313888888889	0.999459459459	0.313888888889
BRD-K24690302	0.43768321469584265	0.016069938108590025	0.0130977130977	0.986902286902	0.0130977130977	0.313888888889	0.999459459459	0.313888888889
PLX-4720	0.4462379765126945	0.08220269438407708	0.0100623700624	0.989937629938	0.0100623700624	0.284705882353	0.999459459459	0.284705882353
BRD-K42260513	0.44694396829353666	0.07421101040660982	0.00985446985447	0.990145530146	0.00985446985447	0.284705882353	0.999459459459	0.284705882353
chlorambucil	0.44887096051954734	0.0202825182752209	0.00939708939709	0.990602910603	0.00939708939709	0.284705882353	0.999459459459	0.284705882353
sotrastaurin	0.4502431375553653	0.01955044374505304	0.00898128898129	0.991018711019	0.00898128898129	0.284705882353	0.999459459459	0.284705882353
BMS-195614	0.4530223641128579	0.020514821734812495	0.00819126819127	0.991808731809	0.00819126819127	0.284705882353	0.999459459459	0.284705882353
linsitinib	0.453317864850883	0.06641195159392181	0.00814968814969	0.99185031185	0.00814968814969	0.284705882353	0.999459459459	0.284705882353
QS-11	0.45442108744596404	0.05537155418434201	0.00785862785863	0.992141372141	0.00785862785863	0.284705882353	0.999459459459	0.284705882353
BRD-K99006945	0.46566137980576966	0.017026763228345943	0.00569646569647	0.994303534304	0.00569646569647	0.274	0.999459459459	0.274
ML239	0.4668040540202296	0.017805301316733385	0.00553014553015	0.99446985447	0.00553014553015	0.274	0.999459459459	0.274
Repligen 136	0.4690929452426938	0.11294539546702928	0.00503118503119	0.994968814969	0.00503118503119	0.274	0.999459459459	0.274
dabrafenib	0.4707341657366518	0.021154114847895183	0.00482328482328	0.995176715177	0.00482328482328	0.274	0.999459459459	0.274
AZD4547	0.47307159645852986	0.01131652179080281	0.00411642411642	0.995883575884	0.00411642411642	0.274	0.999459459459	0.274
BRD-K26531177	0.4759954919665303	0.01993612187311069	0.00357588357588	0.996424116424	0.00357588357588	0.274	0.999459459459	0.274
BRD-K88742110	0.48362028631249443	0.01901986468546154	0.00232848232848	0.997671517672	0.00232848232848	0.274	0.999459459459	0.274
isoliquiritigenin	0.5007740201426054	0.09810551476097183	0.00153846153846	0.998461538462	0.00153846153846	0.246666666667	0.999459459459	0.246666666667
tubastatin A	0.5049632286010771	0.09261581828870166	0.0012474012474	0.998752598753	0.0012474012474	0.246666666667	0.999459459459	0.246666666667
CIL55	0.5132876339199863	0.0885715601956382	0.000540540540541	0.999459459459	0.000540540540541	0.246666666667	0.999459459459	0.246666666667
